    time     x    y   z f  w  l r u d m     multi  gl gm gr gdx gdy
   0.000  2838 3486   0 0  0  0 0 0 0 0  00000000
   0.300  4258 2313  85 1  0  0 0 0 0 0  00000000
   0.401  4240 2291  76 1  0  0 0 0 0 0  00000000
   0.501  2620 3849  83 1  0  0 0 0 0 0  00000000
   0.601  2616 3858  86 1  0  0 0 0 0 0  00000000
   0.701  2606 3810   0 0  0  0 0 0 0 0  00000000
   0.801  4460 2769  96 1  0  0 0 0 0 0  00000000
   0.901  4465 2737  94 1  0  0 0 0 0 0  00000000
   1.002  2499 3865 101 1  0  0 0 0 0 0  00000000
   1.102  2483 3766  93 1  0  0 0 0 0 0  00000000
   1.202  2458 3768  86 1  0  0 0 0 0 0  00000000
   1.302  2427 3871   0 0  0  0 0 0 0 0  00000000
   1.402  4449 2961 107 1  0  0 0 0 0 0  00000000
   1.502  2665 3895  97 1  0  1 0 0 0 0  00000000
   1.602  2643 3782  88 1  0  0 0 0 0 0  00000000
   1.703  2572 3777  88 1  0  0 0 0 0 0  00000000
   1.803  4533 2627 101 1  0  0 0 0 0 0  00000000
   1.903  4563 3119 108 1  0  0 0 0 0 0  00000000
   2.003  2734 3927  92 1  0  0 0 0 0 0  00000000
   2.103  2705 3828  86 1  0  0 0 0 0 0  00000000
    time     x    y   z f  w  l r u d m     multi  gl gm gr gdx gdy
   2.203  2662 3821  80 1  0  0 0 0 0 0  00000000
   2.304  4871 2646 110 1  0  0 0 0 0 0  00000000
   2.404  4878 2640  46 1  0  0 0 0 0 0  00000000
   2.504  3182 3802  86 1  0  0 0 0 0 0  00000000
   2.604  3170 3721  83 1  0  0 0 0 0 0  00000000
   2.704  3153 3696  51 1  0  0 0 0 0 0  00000000
   2.804  4963 2356  91 1  0  0 0 0 0 0  00000000
