    time     x    y   z f  w  l r u d m     multi  gl gm gr gdx gdy
   0.000  2788 3017   0 0  0  0 0 0 0 0  00000000
   0.601  4193 2213  80 1  0  0 0 0 0 0  00000000
   0.703  4175 2102  70 1  0  0 0 0 0 0  00000000
   0.803  4143 2035  58 1  0  0 0 0 0 0  00000000
   0.903  4141 1995   0 0  0  0 0 0 0 0  00000000
   1.003  2420 3713  78 1  0  0 0 0 0 0  00000000
   1.104  4292 2092  75 1  0  0 0 0 0 0  00000000
   1.204  4294 1984  64 1  0  0 0 0 0 0  00000000
   1.304  4291 1854   0 0  0  0 0 0 0 0  00000000
   1.404  2535 3559 103 1  0  0 0 0 0 0  00000000
   1.504  2515 3558  70 1  0  0 0 0 0 0  00000000
   1.604  4432 2149  79 1  0  0 0 0 0 0  00000000
   1.704  4435 2061  72 1  0  0 0 0 0 0  00000000
   1.805  4379 1704  38 1  0  0 0 0 0 0  00000000
   1.905  4379 1704   0 0  0  0 0 0 0 0  00000000
