    time     x    y   z f  w  l r u d m     multi  gl gm gr gdx gdy
   0.000  2968 3836   0 0  0  0 0 0 0 0  00000000
   1.783  2676 4093  69 1  0  0 0 0 0 0  00000000
   1.809  2674 4093  69 1  0  0 0 0 0 0  00000000
   1.823  2668 4093  67 1  0  0 0 0 0 0  00000000
   1.833  2666 4124  64 1  0  0 0 0 0 0  00000000
   1.847  2665 4156  62 1  0  0 0 0 0 0  00000000
   1.859  2665 4192  55 1  0  0 0 0 0 0  00000000
   1.871  2647 4236  44 1  0  0 0 0 0 0  00000000
   1.882  2647 4236   0 0  0  0 0 0 0 0  00000000
   1.996  3868 2589  80 1  0  0 0 0 0 0  00000000
   2.008  3868 2543  75 1  0  0 0 0 0 0  00000000
   2.021  3868 2560  78 1  0  0 0 0 0 0  00000000
   2.032  3868 2560  76 1  0  0 0 0 0 0  00000000
   2.046  3868 2560  75 1  0  0 0 0 0 0  00000000
   2.058  3868 2560  72 1  0  0 0 0 0 0  00000000
   2.070  3868 2560  70 1  0  0 0 0 0 0  00000000
   2.082  3890 2560  62 1  0  0 0 0 0 0  00000000
   2.094  3888 2499  41 1  0  0 0 0 0 0  00000000
   2.105  3888 2499   0 0  0  0 0 0 0 0  00000000
   2.218  2763 3980  78 1  0  0 0 0 0 0  00000000
    time     x    y   z f  w  l r u d m     multi  gl gm gr gdx gdy
   2.231  2761 3980  74 1  0  0 0 0 0 0  00000000
   2.243  2759 3980  76 1  0  0 0 0 0 0  00000000
   2.255  2757 3980  75 1  0  0 0 0 0 0  00000000
   2.268  2756 3980  73 1  0  0 0 0 0 0  00000000
   2.281  2756 4011  68 1  0  0 0 0 0 0  00000000
   2.293  2779 4040  61 1  0  0 0 0 0 0  00000000
   2.305  2812 4040  43 1  0  0 0 0 0 0  00000000
   2.316  2812 4040   0 0  0  0 0 0 0 0  00000000
   2.455  4253 2291  85 1  0  0 0 0 0 0  00000000
   2.466  4217 2219  78 1  0  0 0 0 0 0  00000000
   2.482  4217 2219  77 1  0  0 0 0 0 0  00000000
   2.492  4217 2218  77 1  0  0 0 0 0 0  00000000
   2.504  4217 2214  76 1  0  0 0 0 0 0  00000000
   2.517  4217 2213  74 1  0  0 0 0 0 0  00000000
   2.528  4215 2213  73 1  0  0 0 0 0 0  00000000
   2.541  4213 2234  71 1  0  0 0 0 0 0  00000000
   2.557  4211 2252  69 1  0  0 0 0 0 0  00000000
   2.567  4209 2253  63 1  0  0 0 0 0 0  00000000
   2.579  4204 2282  49 1  0  0 0 0 0 0  00000000
   2.590  4204 2282   0 0  0  0 0 0 0 0  00000000
    time     x    y   z f  w  l r u d m     multi  gl gm gr gdx gdy
   2.815  2824 4005  81 1  0  0 0 0 0 0  00000000
   2.827  2795 4006  77 1  0  0 0 0 0 0  00000000
   2.839  2796 4007  80 1  0  0 0 0 0 0  00000000
   2.852  2801 4034  80 1  0  0 0 0 0 0  00000000
   2.865  2801 4053  76 1  0  0 0 0 0 0  00000000
   2.877  2801 4070  72 1  0  0 0 0 0 0  00000000
   2.888  2823 4108  63 1  0  0 0 0 0 0  00000000
   2.901  2823 4108   0 0  0  0 0 0 0 0  00000000
   2.938  4310 2418  96 1  0  0 0 0 0 0  00000000
   2.963  4311 2397  94 1  0  0 0 0 0 0  00000000
   2.977  4312 2414  93 1  0  0 0 0 0 0  00000000
   2.989  4312 2431  88 1  0  0 0 0 0 0  00000000
   3.001  4316 2448  80 1  0  0 0 0 0 0  00000000
   3.013  4343 2472  61 1  0  0 0 0 0 0  00000000
   3.025  4343 2472   0 0  0  0 0 0 0 0  00000000
   3.247  4343 2472   0 0  0  1 0 0 0 0  00000000
   3.261  2615 4344  60 1  0  0 0 0 0 0  00000000
   3.273  2573 4344  60 1  0  0 0 0 0 0  00000000
   3.286  2573 4327  61 1  0  0 0 0 0 0  00000000
   3.299  2573 4343  61 1  0  0 0 0 0 0  00000000
    time     x    y   z f  w  l r u d m     multi  gl gm gr gdx gdy
   3.310  2573 4362  60 1  0  0 0 0 0 0  00000000
   3.323  2592 4401  56 1  0  0 0 0 0 0  00000000
   3.336  2592 4466  42 1  0  0 0 0 0 0  00000000
   3.346  2592 4466   0 0  0  0 0 0 0 0  00000000
   3.373  4568 2589  81 1  0  0 0 0 0 0  00000000
   3.385  4494 2585  92 1  0  0 0 0 0 0  00000000
   3.398  4511 2552  89 1  0  0 0 0 0 0  00000000
   3.410  4511 2553  88 1  0  0 0 0 0 0  00000000
   3.422  4515 2582  87 1  0  0 0 0 0 0  00000000
   3.435  4540 2613  83 1  0  0 0 0 0 0  00000000
   3.448  4574 2634  68 1  0  0 0 0 0 0  00000000
   3.458  4574 2634   0 0  0  0 0 0 0 0  00000000
   3.758  3051 3884  86 1  0  0 0 0 0 0  00000000
   3.770  3010 3846  88 1  0  0 0 0 0 0  00000000
   3.783  3010 3846  89 1  0  0 0 0 0 0  00000000
   3.794  3010 3873  89 1  0  0 0 0 0 0  00000000
   3.808  3010 3914  82 1  0  0 0 0 0 0  00000000
   3.820  2993 3967  68 1  0  0 0 0 0 0  00000000
   3.832  2993 3967   0 0  0  0 0 0 0 0  00000000
   3.870  4654 2430 100 1  0  0 0 0 0 0  00000000
    time     x    y   z f  w  l r u d m     multi  gl gm gr gdx gdy
   3.881  4652 2333  88 1  0  0 0 0 0 0  00000000
   3.895  4650 2373  91 1  0  0 0 0 0 0  00000000
   3.907  4650 2374  94 1  0  0 0 0 0 0  00000000
   3.920  4651 2380  95 1  0  0 0 0 0 0  00000000
   3.932  4651 2381  91 1  0  0 0 0 0 0  00000000
   3.944  4649 2374  86 1  0  0 0 0 0 0  00000000
   3.956  4643 2367  85 1  0  0 0 0 0 0  00000000
   3.969  4641 2344  82 1  0  0 0 0 0 0  00000000
   3.983  4639 2344  80 1  0  0 0 0 0 0  00000000
   3.995  4637 2319  77 1  0  0 0 0 0 0  00000000
   4.007  4644 2317  69 1  0  0 0 0 0 0  00000000
   4.018  4639 2278  59 1  0  0 0 0 0 0  00000000
   4.032  4600 2241  41 1  0  0 0 0 0 0  00000000
   4.042  4600 2241   0 0  0  0 0 0 0 0  00000000
   4.253  4600 2241   0 0  0  1 0 0 0 0  00000000
   4.268  3155 3752 101 1  0  0 0 0 0 0  00000000
   4.279  3104 3733 100 1  0  0 0 0 0 0  00000000
   4.291  3104 3734 100 1  0  0 0 0 0 0  00000000
   4.304  3123 3784 102 1  0  0 0 0 0 0  00000000
   4.316  3099 3840  92 1  0  0 0 0 0 0  00000000
    time     x    y   z f  w  l r u d m     multi  gl gm gr gdx gdy
   4.329  3077 3911  81 1  0  0 0 0 0 0  00000000
   4.341  3061 3991  49 1  0  0 0 0 0 0  00000000
   4.353  3061 3991   0 0  0  0 0 0 0 0  00000000
