    time     x    y   z f  w  l r u d m     multi  gl gm gr gdx gdy
   0.000  4379 1704   0 0  0  0 0 0 0 0  00000000
   0.300  2604 3662  95 1  0  0 0 0 0 0  00000000
   0.401  2659 3703  65 1  0  0 0 0 0 0  00000000
   0.501  4224 2189  79 1  0  0 0 0 0 0  00000000
   0.601  4206 2089  72 1  0  0 0 0 0 0  00000000
   0.701  4220 1933   0 0  0  0 0 0 0 0  00000000
   0.801  2393 3852  91 1  0  0 0 0 0 0  00000000
   0.901  2395 3905  85 1  0  0 0 0 0 0  00000000
   1.002  4156 2373  98 1  0  0 0 0 0 0  00000000
   1.102  4155 2199  86 1  0  0 0 0 0 0  00000000
   1.202  4115 2036  71 1  0  0 0 0 0 0  00000000
   1.302  4113 1966  65 1  0  0 0 0 0 0  00000000
   1.402  4074 1913  59 1  0  0 0 0 0 0  00000000
   1.502  4045 1891  58 1  0  0 0 0 0 0  00000000
   1.602  1953 3301 105 1  0  0 0 0 0 0  00000000
   1.703  1954 3399   0 0  0  0 0 0 0 0  00000000
