    time     x    y   z f  w  l r u d m     multi  gl gm gr gdx gdy
   0.000  4654 2018   0 0  0  0 0 0 0 0  00000000
   0.701  2751 3981  80 1  0  0 0 0 0 0  00000000
   0.801  2802 4130   0 0  0  0 0 0 0 0  00000000
   1.001  3701 2803 100 1  0  0 0 0 0 0  00000000
   1.101  3714 2626   0 0  0  0 0 0 0 0  00000000
   1.201  2512 3854  82 1  0  0 0 0 0 0  00000000
   1.302  2499 3771  75 1  0  0 0 0 0 0  00000000
   1.402  2496 3837  76 1  0  0 0 0 0 0  00000000
   1.502  2506 3960  75 1  0  0 0 0 0 0  00000000
   1.602  4412 2430 101 1  0  0 0 0 0 0  00000000
   1.703  4403 2268  83 1  0  0 0 0 0 0  00000000
   1.803  4360 2075  61 1  0  0 0 0 0 0  00000000
   1.903  4337 2043   0 0  0  0 0 0 0 0  00000000
   2.003  2811 3922  82 1  0  0 0 0 0 0  00000000
   2.103  4591 2444 102 1  0  0 0 0 0 0  00000000
   2.203  4504 2165  71 1  0  0 0 0 0 0  00000000
   2.304  4466 2030   0 0  0  0 0 0 0 0  00000000
   2.404  4275 2612  95 1  0  0 0 0 0 0  00000000
   2.504  4219 2817   0 0  0  0 0 0 0 0  00000000
   2.604  2857 3811   0 0  0  0 0 0 0 0  00000000
    time     x    y   z f  w  l r u d m     multi  gl gm gr gdx gdy
   2.704  4248 2441   0 0  0  0 0 0 0 0  00000000
   2.804  2752 3927   0 0  0  0 0 0 0 0  00000000
   2.905  4377 2655  49 1  0  0 0 0 0 0  00000000
   3.006  2730 4015  82 1  0  0 0 0 0 0  00000000
   3.107  2692 3919  78 1  0  0 0 0 0 0  00000000
   3.207  2633 3841   0 0  0  0 0 0 0 0  00000000
   3.309  4423 2077  67 1  0  0 0 0 0 0  00000000
   3.409  4410 1891   0 0  0  0 0 0 0 0  00000000
   3.509  2832 3273  91 1  0  0 0 0 0 0  00000000
   3.610  2818 3191  87 1  0  0 0 0 0 0  00000000
   3.710  2794 3108  83 1  0  0 0 0 0 0  00000000
   3.810  2784 3067  81 1  0  0 0 0 0 0  00000000
   3.910  2786 3052  76 1  0  0 0 0 0 0  00000000
