    time     x    y   z f  w  l r u d m     multi  gl gm gr gdx gdy
   0.000  4841 2799   0 0  0  0 0 0 0 0  00000000
   0.701  3606 2654  64 1  0  0 0 0 0 0  00000000
   0.801  3606 2654   0 0  0  0 0 0 0 0  00000000
   1.201  3769 2694  78 1  0  0 0 0 0 0  00000000
   1.302  3769 2659   0 0  0  0 0 0 0 0  00000000
   1.602  3775 2756   0 0  0  0 0 0 0 0  00000000
   1.702  3849 2547  74 1  0  0 0 0 0 0  00000000
   1.802  3849 2547   0 0  0  0 0 0 0 0  00000000
   2.103  4443 2356  99 1  0  0 0 0 0 0  00000000
   2.203  4441 2191   0 0  0  0 0 0 0 0  00000000
   2.504  2902 3778  97 1  0  0 0 0 0 0  00000000
   2.604  4465 2399 100 1  0  0 0 0 0 0  00000000
   2.704  4362 2238  77 1  0  0 0 0 0 0  00000000
   2.804  4249 2119   0 0  0  1 0 0 0 0  00000000
   2.904  3042 3574  96 1  0  0 0 0 0 0  00000000
   3.005  3062 3748   0 0  0  0 0 0 0 0  00000000
   3.105  4651 2299  90 1  0  0 0 0 0 0  00000000
   3.205  4686 2210  80 1  0  0 0 0 0 0  00000000
   3.305  4699 2136  76 1  0  0 0 0 0 0  00000000
   3.405  4674 2078  67 1  0  0 0 0 0 0  00000000
    time     x    y   z f  w  l r u d m     multi  gl gm gr gdx gdy
   3.505  4654 2018   0 0  0  0 0 0 0 0  00000000
