    time     x    y   z f  w  l r u d m     multi  gl gm gr gdx gdy
   0.000  4288 1993   0 0  0  0 0 0 0 0  00000000
   1.013  4100 2389  72 1  0  0 0 0 0 0  00000000
   1.025  4100 2389  71 1  0  0 0 0 0 0  00000000
   1.038  4100 2389  69 1  0  0 0 0 0 0  00000000
   1.051  4098 2393  66 1  0  0 0 0 0 0  00000000
   1.062  4096 2418  58 1  0  0 0 0 0 0  00000000
   1.074  4096 2418  44 1  0  0 0 0 0 0  00000000
   1.086  4096 2418   0 0  0  0 0 0 0 0  00000000
   1.186  3034 3802  75 1  0  0 0 0 0 0  00000000
   1.212  3011 3756  76 1  0  0 0 0 0 0  00000000
   1.249  3011 3760  74 1  0  0 0 0 0 0  00000000
   1.262  3012 3781  72 1  0  0 0 0 0 0  00000000
   1.274  3035 3800  67 1  0  0 0 0 0 0  00000000
   1.286  3035 3817  59 1  0  0 0 0 0 0  00000000
   1.298  3035 3817   0 0  0  0 0 0 0 0  00000000
   1.373  4164 2117  69 1  0  0 0 0 0 0  00000000
   1.385  4162 2082  66 1  0  0 0 0 0 0  00000000
   1.398  4160 2082  67 1  0  0 0 0 0 0  00000000
   1.410  4158 2082  68 1  0  0 0 0 0 0  00000000
   1.423  4156 2082  68 1  0  0 0 0 0 0  00000000
    time     x    y   z f  w  l r u d m     multi  gl gm gr gdx gdy
   1.435  4156 2083  67 1  0  0 0 0 0 0  00000000
   1.447  4156 2087  68 1  0  0 0 0 0 0  00000000
   1.457  4156 2088  68 1  0  0 0 0 0 0  00000000
   1.472  4133 2088  64 1  0  0 0 0 0 0  00000000
   1.484  4133 2088  60 1  0  0 0 0 0 0  00000000
   1.497  4133 2071  48 1  0  0 0 0 0 0  00000000
   1.509  4133 2071   0 0  0  0 0 0 0 0  00000000
   1.573  2944 3801  78 1  0  0 0 0 0 0  00000000
   1.584  2944 3801  76 1  0  0 0 0 0 0  00000000
   1.597  2942 3801  78 1  0  0 0 0 0 0  00000000
   1.608  2941 3801  77 1  0  0 0 0 0 0  00000000
   1.621  2939 3801  76 1  0  0 0 0 0 0  00000000
   1.633  2939 3801  75 1  0  0 0 0 0 0  00000000
   1.647  2939 3801  72 1  0  0 0 0 0 0  00000000
   1.659  2940 3802  69 1  0  0 0 0 0 0  00000000
   1.671  2976 3802  60 1  0  0 0 0 0 0  00000000
   1.695  2976 3802   0 0  0  0 0 0 0 0  00000000
   1.745  4234 2042  57 1  0  0 0 0 0 0  00000000
   1.758  4179 2043  64 1  0  0 0 0 0 0  00000000
   1.770  4179 2047  65 1  0  0 0 0 0 0  00000000
    time     x    y   z f  w  l r u d m     multi  gl gm gr gdx gdy
   1.783  4179 2048  66 1  0  0 0 0 0 0  00000000
   1.794  4179 2049  66 1  0  0 0 0 0 0  00000000
   1.808  4180 2053  67 1  0  0 0 0 0 0  00000000
   1.820  4181 2054  65 1  0  0 0 0 0 0  00000000
   1.833  4182 2055  65 1  0  0 0 0 0 0  00000000
   1.844  4182 2055  64 1  0  0 0 0 0 0  00000000
   1.857  4182 2055  63 1  0  0 0 0 0 0  00000000
   1.870  4183 2053  62 1  0  0 0 0 0 0  00000000
   1.881  4187 2027  60 1  0  0 0 0 0 0  00000000
   1.894  4188 2025  56 1  0  0 0 0 0 0  00000000
   1.907  4167 1984  40 1  0  0 0 0 0 0  00000000
   1.919  4167 1984   0 0  0  0 0 0 0 0  00000000
   1.957  2938 3718  76 1  0  0 0 0 0 0  00000000
   1.969  2936 3719  75 1  0  0 0 0 0 0  00000000
   1.982  2934 3723  76 1  0  0 0 0 0 0  00000000
   1.994  2933 3724  76 1  0  0 0 0 0 0  00000000
   2.006  2928 3729  77 1  0  0 0 0 0 0  00000000
   2.019  2926 3730  77 1  0  0 0 0 0 0  00000000
   2.031  2924 3734  77 1  0  0 0 0 0 0  00000000
   2.044  2924 3735  77 1  0  0 0 0 0 0  00000000
    time     x    y   z f  w  l r u d m     multi  gl gm gr gdx gdy
   2.055  2924 3736  76 1  0  0 0 0 0 0  00000000
   2.069  2923 3737  75 1  0  0 0 0 0 0  00000000
   2.081  2921 3737  76 1  0  0 0 0 0 0  00000000
   2.092  2920 3737  74 1  0  0 0 0 0 0  00000000
   2.106  2920 3737  72 1  0  0 0 0 0 0  00000000
   2.118  2921 3737  72 1  0  0 0 0 0 0  00000000
   2.131  2921 3737  71 1  0  0 0 0 0 0  00000000
   2.143  2921 3737  72 1  0  0 0 0 0 0  00000000
   2.155  2922 3737  71 1  0  0 0 0 0 0  00000000
   2.167  2922 3737  72 1  0  0 0 0 0 0  00000000
   2.180  2922 3737  70 1  0  0 0 0 0 0  00000000
   2.193  2922 3738  67 1  0  0 0 0 0 0  00000000
   2.205  2887 3768  59 1  0  0 0 0 0 0  00000000
   2.217  2887 3768   0 0  0  0 0 0 0 0  00000000
   2.366  4173 2003  63 1  0  0 0 0 0 0  00000000
   2.378  4173 1981  62 1  0  0 0 0 0 0  00000000
   2.403  4174 1981  63 1  0  0 0 0 0 0  00000000
   2.416  4175 1981  63 1  0  0 0 0 0 0  00000000
   2.428  4176 1981  63 1  0  0 0 0 0 0  00000000
   2.442  4177 1981  63 1  0  0 0 0 0 0  00000000
    time     x    y   z f  w  l r u d m     multi  gl gm gr gdx gdy
   2.453  4178 1981  62 1  0  0 0 0 0 0  00000000
   2.466  4179 1981  62 1  0  0 0 0 0 0  00000000
   2.491  4179 1980  61 1  0  0 0 0 0 0  00000000
   2.503  4179 1960  59 1  0  0 0 0 0 0  00000000
   2.515  4157 1935  50 1  0  0 0 0 0 0  00000000
   2.528  4157 1935   0 0  0  0 0 0 0 0  00000000
   2.764  3021 3639  56 1  0  0 0 0 0 0  00000000
   2.776  2952 3637  71 1  0  0 0 0 0 0  00000000
   2.789  2952 3636  73 1  0  0 0 0 0 0  00000000
   2.802  2952 3643  74 1  0  0 0 0 0 0  00000000
   2.812  2952 3650  76 1  0  0 0 0 0 0  00000000
   2.825  2952 3680  76 1  0  0 0 0 0 0  00000000
   2.839  2952 3681  76 1  0  0 0 0 0 0  00000000
   2.850  2952 3685  77 1  0  0 0 0 0 0  00000000
   2.862  2952 3690  76 1  0  0 0 0 0 0  00000000
   2.875  2953 3691  76 1  0  0 0 0 0 0  00000000
   2.888  2954 3692  74 1  0  0 0 0 0 0  00000000
   2.901  2955 3670  71 1  0  0 0 0 0 0  00000000
   2.913  2959 3652  65 1  0  0 0 0 0 0  00000000
   2.925  2919 3650  45 1  0  0 0 0 0 0  00000000
    time     x    y   z f  w  l r u d m     multi  gl gm gr gdx gdy
   2.937  2919 3650   0 0  0  0 0 0 0 0  00000000
   3.161  4096 2213  67 1  0  0 0 0 0 0  00000000
   3.173  4078 2178  63 1  0  0 0 0 0 0  00000000
   3.186  4078 2178  65 1  0  0 0 0 0 0  00000000
   3.212  4078 2178  66 1  0  0 0 0 0 0  00000000
   3.222  4076 2178  65 1  0  0 0 0 0 0  00000000
   3.236  4053 2178  67 1  0  0 0 0 0 0  00000000
   3.248  4053 2182  67 1  0  0 0 0 0 0  00000000
   3.260  4051 2183  67 1  0  0 0 0 0 0  00000000
   3.273  4049 2184  64 1  0  0 0 0 0 0  00000000
   3.285  4044 2177  55 1  0  0 0 0 0 0  00000000
   3.298  4044 2177   0 0  0  0 0 0 0 0  00000000
   3.546  2944 3797  71 1  0  0 0 0 0 0  00000000
   3.558  2944 3795  71 1  0  0 0 0 0 0  00000000
   3.571  2944 3789  74 1  0  0 0 0 0 0  00000000
   3.583  2944 3787  73 1  0  0 0 0 0 0  00000000
   3.596  2944 3787  75 1  0  0 0 0 0 0  00000000
   3.607  2944 3791  74 1  0  0 0 0 0 0  00000000
   3.620  2944 3795  73 1  0  0 0 0 0 0  00000000
   3.632  2945 3800  74 1  0  0 0 0 0 0  00000000
    time     x    y   z f  w  l r u d m     multi  gl gm gr gdx gdy
   3.646  2946 3801  72 1  0  0 0 0 0 0  00000000
   3.658  2947 3802  68 1  0  0 0 0 0 0  00000000
   3.670  2939 3803  58 1  0  0 0 0 0 0  00000000
   3.682  2939 3803   0 0  0  0 0 0 0 0  00000000
   3.719  4101 2051  65 1  0  0 0 0 0 0  00000000
   3.733  4099 2021  62 1  0  0 0 0 0 0  00000000
   3.743  4097 2042  63 1  0  0 0 0 0 0  00000000
   3.757  4093 2042  66 1  0  0 0 0 0 0  00000000
   3.769  4087 2041  65 1  0  0 0 0 0 0  00000000
   3.782  4085 2041  67 1  0  0 0 0 0 0  00000000
   3.794  4084 2042  67 1  0  0 0 0 0 0  00000000
   3.807  4082 2061  68 1  0  0 0 0 0 0  00000000
   3.820  4062 2061  67 1  0  0 0 0 0 0  00000000
   3.830  4090 2061  65 1  0  0 0 0 0 0  00000000
   3.843  4090 2059  63 1  0  0 0 0 0 0  00000000
   3.856  4090 2054  62 1  0  0 0 0 0 0  00000000
   3.868  4090 2028  56 1  0  0 0 0 0 0  00000000
   3.881  4091 2003  42 1  0  0 0 0 0 0  00000000
   3.892  4091 2003   0 0  0  0 0 0 0 0  00000000
   3.919  2968 3781  73 1  0  0 0 0 0 0  00000000
    time     x    y   z f  w  l r u d m     multi  gl gm gr gdx gdy
   3.931  2968 3782  73 1  0  0 0 0 0 0  00000000
   3.943  2967 3782  74 1  0  0 0 0 0 0  00000000
   3.956  2967 3783  75 1  0  0 0 0 0 0  00000000
   3.967  2965 3804  75 1  0  0 0 0 0 0  00000000
   3.981  2961 3804  77 1  0  0 0 0 0 0  00000000
   3.992  2960 3804  75 1  0  0 0 0 0 0  00000000
   4.006  2960 3804  74 1  0  0 0 0 0 0  00000000
   4.018  2960 3805  73 1  0  0 0 0 0 0  00000000
   4.031  2960 3805  66 1  0  0 0 0 0 0  00000000
   4.042  2956 3756  43 1  0  0 0 0 0 0  00000000
   4.054  2956 3756   0 0  0  0 0 0 0 0  00000000
   4.081  4074 2150  67 1  0  0 0 0 0 0  00000000
   4.092  4074 2148  66 1  0  0 0 0 0 0  00000000
   4.104  4074 2148  67 1  0  0 0 0 0 0  00000000
   4.118  4074 2148  68 1  0  0 0 0 0 0  00000000
   4.128  4072 2149  70 1  0  0 0 0 0 0  00000000
   4.139  4070 2150  70 1  0  0 0 0 0 0  00000000
   4.149  4070 2154  69 1  0  0 0 0 0 0  00000000
   4.167  4070 2155  69 1  0  0 0 0 0 0  00000000
   4.179  4071 2156  69 1  0  0 0 0 0 0  00000000
    time     x    y   z f  w  l r u d m     multi  gl gm gr gdx gdy
   4.189  4072 2157  69 1  0  0 0 0 0 0  00000000
   4.204  4097 2157  67 1  0  0 0 0 0 0  00000000
   4.216  4097 2140  65 1  0  0 0 0 0 0  00000000
   4.229  4126 2098  58 1  0  0 0 0 0 0  00000000
   4.241  4126 2061  42 1  0  0 0 0 0 0  00000000
   4.253  4126 2061   0 0  0  0 0 0 0 0  00000000
   4.279  2871 3888  72 1  0  0 0 0 0 0  00000000
   4.291  2869 3871  71 1  0  0 0 0 0 0  00000000
   4.304  2844 3871  74 1  0  0 0 0 0 0  00000000
   4.328  2844 3871  75 1  0  0 0 0 0 0  00000000
   4.340  2844 3888  74 1  0  0 0 0 0 0  00000000
   4.350  2845 3888  74 1  0  0 0 0 0 0  00000000
   4.365  2845 3888  75 1  0  0 0 0 0 0  00000000
   4.402  2845 3888  74 1  0  0 0 0 0 0  00000000
   4.415  2846 3888  74 1  0  0 0 0 0 0  00000000
   4.427  2847 3888  74 1  0  0 0 0 0 0  00000000
   4.439  2848 3888  73 1  0  0 0 0 0 0  00000000
   4.450  2849 3888  73 1  0  0 0 0 0 0  00000000
   4.459  2849 3888  74 1  0  0 0 0 0 0  00000000
   4.477  2849 3888  73 1  0  0 0 0 0 0  00000000
    time     x    y   z f  w  l r u d m     multi  gl gm gr gdx gdy
   4.490  2849 3886  73 1  0  0 0 0 0 0  00000000
   4.502  2849 3884  74 1  0  0 0 0 0 0  00000000
   4.575  2849 3884  75 1  0  0 0 0 0 0  00000000
   4.589  2849 3884  74 1  0  0 0 0 0 0  00000000
   4.600  2849 3882  74 1  0  0 0 0 0 0  00000000
   4.613  2849 3882  75 1  0  0 0 0 0 0  00000000
   4.626  2849 3880  75 1  0  0 0 0 0 0  00000000
   4.639  2849 3878  74 1  0  0 0 0 0 0  00000000
   4.651  2849 3876  74 1  0  0 0 0 0 0  00000000
   4.683  2849 3875  74 1  0  0 0 0 0 0  00000000
   4.726  2849 3875  73 1  0  0 0 0 0 0  00000000
   4.751  2849 3893  71 1  0  0 0 0 0 0  00000000
   4.762  2850 3893  63 1  0  0 0 0 0 0  00000000
   4.775  2850 3893   0 0  0  0 0 0 0 0  00000000
   5.023  3893 2559  74 1  0  0 0 0 0 0  00000000
   5.036  3894 2534  70 1  0  0 0 0 0 0  00000000
   5.048  3894 2533  71 1  0  0 0 0 0 0  00000000
   5.061  3894 2532  71 1  0  0 0 0 0 0  00000000
   5.074  3894 2527  69 1  0  0 0 0 0 0  00000000
   5.085  3942 2526  67 1  0  0 0 0 0 0  00000000
    time     x    y   z f  w  l r u d m     multi  gl gm gr gdx gdy
   5.098  3995 2526  59 1  0  0 0 0 0 0  00000000
   5.110  3995 2526   0 0  0  0 0 0 0 0  00000000
