    time     x    y   z f  w  l r u d m     multi  gl gm gr gdx gdy
   0.000  2472 3593   0 0  0  0 0 0 0 0  00000000
   1.139  4344 2957  53 1  0  0 0 0 0 0  00000000
   1.150  4297 2911  65 1  0  0 0 0 0 0  00000000
   1.176  4297 2911  66 1  0  0 0 0 0 0  00000000
   1.187  4297 2910  64 1  0  0 0 0 0 0  00000000
   1.200  4301 2891  61 1  0  0 0 0 0 0  00000000
   1.212  4335 2891  56 1  0  0 0 0 0 0  00000000
   1.226  4385 2863  40 1  0  0 0 0 0 0  00000000
   1.235  4385 2863   0 0  0  0 0 0 0 0  00000000
   1.461  2579 2836  62 1  0  0 0 0 0 0  00000000
   1.473  2578 2812  59 1  0  0 0 0 0 0  00000000
   1.486  2578 2830  61 1  0  0 0 0 0 0  00000000
   1.497  2573 2830  62 1  0  0 0 0 0 0  00000000
   1.510  2571 2829  62 1  0  0 0 0 0 0  00000000
   1.523  2567 2824  60 1  0  0 0 0 0 0  00000000
   1.535  2527 2817  50 1  0  0 0 0 0 0  00000000
   1.547  2527 2817   0 0  0  0 0 0 0 0  00000000
   1.746  4334 2874  68 1  0  0 0 0 0 0  00000000
   1.759  4334 2874  64 1  0  0 0 0 0 0  00000000
   1.772  4335 2874  65 1  0  0 0 0 0 0  00000000
    time     x    y   z f  w  l r u d m     multi  gl gm gr gdx gdy
   1.783  4336 2874  65 1  0  0 0 0 0 0  00000000
   1.796  4337 2874  64 1  0  0 0 0 0 0  00000000
   1.809  4342 2874  63 1  0  0 0 0 0 0  00000000
   1.820  4372 2857  58 1  0  0 0 0 0 0  00000000
   1.832  4429 2819  43 1  0  0 0 0 0 0  00000000
   1.845  4429 2819   0 0  0  0 0 0 0 0  00000000
   2.044  2665 3055  66 1  0  0 0 0 0 0  00000000
   2.057  2666 3055  64 1  0  0 0 0 0 0  00000000
   2.069  2667 3055  66 1  0  0 0 0 0 0  00000000
   2.081  2668 3055  65 1  0  0 0 0 0 0  00000000
   2.095  2668 3055  64 1  0  0 0 0 0 0  00000000
   2.106  2649 3055  62 1  0  0 0 0 0 0  00000000
   2.119  2602 3054  52 1  0  0 0 0 0 0  00000000
   2.131  2602 3054   0 0  0  0 0 0 0 0  00000000
   2.330  4418 2946  51 1  0  0 0 0 0 0  00000000
   2.343  4362 2926  65 1  0  0 0 0 0 0  00000000
   2.355  4362 2943  63 1  0  0 0 0 0 0  00000000
   2.367  4362 2943  64 1  0  0 0 0 0 0  00000000
   2.381  4362 2944  65 1  0  0 0 0 0 0  00000000
   2.392  4362 2945  64 1  0  0 0 0 0 0  00000000
    time     x    y   z f  w  l r u d m     multi  gl gm gr gdx gdy
   2.405  4362 2945  62 1  0  0 0 0 0 0  00000000
   2.417  4366 2943  59 1  0  0 0 0 0 0  00000000
   2.428  4408 2941  46 1  0  0 0 0 0 0  00000000
   2.441  4408 2941   0 0  0  0 0 0 0 0  00000000
   2.652  3057 3599  64 1  0  0 0 0 0 0  00000000
   2.665  3057 3580  62 1  0  0 0 0 0 0  00000000
   2.678  3057 3580  63 1  0  0 0 0 0 0  00000000
   2.702  3057 3579  63 1  0  0 0 0 0 0  00000000
   2.715  3057 3578  64 1  0  0 0 0 0 0  00000000
   2.726  3057 3573  63 1  0  0 0 0 0 0  00000000
   2.740  3055 3553  61 1  0  0 0 0 0 0  00000000
   2.752  3014 3534  52 1  0  0 0 0 0 0  00000000
   2.763  3014 3534   0 0  0  0 0 0 0 0  00000000
   2.988  4369 2995  44 1  0  0 0 0 0 0  00000000
   3.000  4298 2993  66 1  0  0 0 0 0 0  00000000
   3.013  4298 2993  62 1  0  0 0 0 0 0  00000000
   3.026  4298 3019  67 1  0  0 0 0 0 0  00000000
   3.038  4279 3020  67 1  0  0 0 0 0 0  00000000
   3.050  4279 3024  69 1  0  0 0 0 0 0  00000000
   3.063  4279 3025  69 1  0  0 0 0 0 0  00000000
    time     x    y   z f  w  l r u d m     multi  gl gm gr gdx gdy
   3.076  4280 3026  68 1  0  0 0 0 0 0  00000000
   3.087  4281 3026  66 1  0  0 0 0 0 0  00000000
   3.100  4285 2994  59 1  0  0 0 0 0 0  00000000
   3.113  4285 2994   0 0  0  0 0 0 0 0  00000000
   3.696  2877 3591  45 1  0  0 0 0 0 0  00000000
   3.707  2856 3591  55 1  0  0 0 0 0 0  00000000
   3.721  2857 3626  55 1  0  0 0 0 0 0  00000000
   3.734  2861 3627  57 1  0  0 0 0 0 0  00000000
   3.745  2862 3631  57 1  0  0 0 0 0 0  00000000
   3.758  2862 3632  58 1  0  0 0 0 0 0  00000000
   3.770  2862 3633  58 1  0  0 0 0 0 0  00000000
   3.782  2862 3632  56 1  0  0 0 0 0 0  00000000
   3.796  2843 3604  53 1  0  0 0 0 0 0  00000000
   3.807  2843 3604   0 0  0  0 0 0 0 0  00000000
   4.045  4285 3079  68 1  0  0 0 0 0 0  00000000
   4.056  4283 3056  62 1  0  0 0 0 0 0  00000000
   4.068  4283 3057  65 1  0  0 0 0 0 0  00000000
   4.082  4284 3081  66 1  0  0 0 0 0 0  00000000
   4.094  4285 3082  67 1  0  0 0 0 0 0  00000000
   4.107  4285 3083  67 1  0  0 0 0 0 0  00000000
    time     x    y   z f  w  l r u d m     multi  gl gm gr gdx gdy
   4.119  4285 3083  65 1  0  0 0 0 0 0  00000000
   4.130  4285 3056  61 1  0  0 0 0 0 0  00000000
   4.143  4286 3028  50 1  0  0 0 0 0 0  00000000
   4.155  4286 3028   0 0  0  0 0 0 0 0  00000000
   4.254  2931 3512  49 1  0  0 0 0 0 0  00000000
   4.267  2870 3512  59 1  0  0 0 0 0 0  00000000
   4.280  2887 3572  60 1  0  0 0 0 0 0  00000000
   4.291  2887 3573  61 1  0  0 0 0 0 0  00000000
   4.304  2887 3579  63 1  0  0 0 0 0 0  00000000
   4.316  2883 3584  63 1  0  0 0 0 0 0  00000000
   4.329  2877 3585  63 1  0  0 0 0 0 0  00000000
   4.341  2875 3584  60 1  0  0 0 0 0 0  00000000
   4.353  2833 3519  51 1  0  0 0 0 0 0  00000000
   4.366  2833 3519   0 0  0  0 0 0 0 0  00000000
   4.441  4409 2991  69 1  0  0 0 0 0 0  00000000
   4.454  4407 2991  62 1  0  0 0 0 0 0  00000000
   4.466  4414 3019  64 1  0  0 0 0 0 0  00000000
   4.478  4415 3020  66 1  0  0 0 0 0 0  00000000
   4.491  4416 3024  65 1  0  0 0 0 0 0  00000000
   4.502  4416 3025  65 1  0  0 0 0 0 0  00000000
    time     x    y   z f  w  l r u d m     multi  gl gm gr gdx gdy
   4.516  4416 3025  63 1  0  0 0 0 0 0  00000000
   4.527  4441 3025  57 1  0  0 0 0 0 0  00000000
   4.540  4441 2999  48 1  0  0 0 0 0 0  00000000
   4.552  4441 2999   0 0  0  0 0 0 0 0  00000000
   4.751  2754 3538  68 1  0  0 0 0 0 0  00000000
   4.763  2755 3503  60 1  0  0 0 0 0 0  00000000
   4.776  2756 3520  65 1  0  0 0 0 0 0  00000000
   4.789  2757 3520  65 1  0  0 0 0 0 0  00000000
   4.801  2758 3520  65 1  0  0 0 0 0 0  00000000
   4.814  2759 3518  65 1  0  0 0 0 0 0  00000000
   4.825  2759 3513  61 1  0  0 0 0 0 0  00000000
   4.838  2708 3489  50 1  0  0 0 0 0 0  00000000
   4.850  2708 3489   0 0  0  0 0 0 0 0  00000000
   5.037  4320 3069  66 1  0  0 0 0 0 0  00000000
   5.050  4320 3070  63 1  0  0 0 0 0 0  00000000
   5.062  4320 3076  65 1  0  0 0 0 0 0  00000000
   5.074  4320 3081  65 1  0  0 0 0 0 0  00000000
   5.087  4320 3086  66 1  0  0 0 0 0 0  00000000
   5.100  4320 3087  65 1  0  0 0 0 0 0  00000000
   5.111  4320 3088  63 1  0  0 0 0 0 0  00000000
    time     x    y   z f  w  l r u d m     multi  gl gm gr gdx gdy
   5.123  4324 3070  59 1  0  0 0 0 0 0  00000000
   5.134  4325 3070  59 1  0  0 0 0 0 0  00000000
   5.148  4325 3070   0 0  0  0 0 0 0 0  00000000
   5.347  2752 3225  44 1  0  0 0 0 0 0  00000000
   5.360  2675 3225  63 1  0  0 0 0 0 0  00000000
   5.373  2692 3226  61 1  0  0 0 0 0 0  00000000
   5.384  2692 3231  64 1  0  0 0 0 0 0  00000000
   5.398  2692 3255  64 1  0  0 0 0 0 0  00000000
   5.410  2692 3302  62 1  0  0 0 0 0 0  00000000
   5.422  2693 3348  61 1  0  0 0 0 0 0  00000000
   5.434  2686 3388  55 1  0  0 0 0 0 0  00000000
   5.447  2686 3388   0 0  0  0 0 0 0 0  00000000
   5.658  4385 3087  53 1  0  0 0 0 0 0  00000000
   5.670  4325 3055  65 1  0  0 0 0 0 0  00000000
   5.682  4325 3075  64 1  0  0 0 0 0 0  00000000
   5.707  4325 3076  66 1  0  0 0 0 0 0  00000000
   5.719  4325 3082  67 1  0  0 0 0 0 0  00000000
   5.733  4325 3087  66 1  0  0 0 0 0 0  00000000
   5.744  4342 3088  64 1  0  0 0 0 0 0  00000000
   5.754  4342 3089  64 1  0  0 0 0 0 0  00000000
    time     x    y   z f  w  l r u d m     multi  gl gm gr gdx gdy
   5.769  4422 3070  46 1  0  0 0 0 0 0  00000000
   5.780  4422 3070   0 0  0  0 0 0 0 0  00000000
   6.304  2750 3322  65 1  0  0 0 0 0 0  00000000
   6.315  2750 3274  62 1  0  0 0 0 0 0  00000000
   6.329  2751 3275  65 1  0  0 0 0 0 0  00000000
   6.341  2751 3279  66 1  0  0 0 0 0 0  00000000
   6.353  2751 3280  67 1  0  0 0 0 0 0  00000000
   6.366  2751 3281  66 1  0  0 0 0 0 0  00000000
   6.379  2749 3281  63 1  0  0 0 0 0 0  00000000
   6.390  2709 3243  53 1  0  0 0 0 0 0  00000000
   6.402  2709 3243   0 0  0  0 0 0 0 0  00000000
   6.602  4268 3165  63 1  0  0 0 0 0 0  00000000
   6.614  4245 3165  65 1  0  0 0 0 0 0  00000000
   6.627  4245 3188  68 1  0  0 0 0 0 0  00000000
   6.639  4245 3213  70 1  0  0 0 0 0 0  00000000
   6.650  4245 3214  72 1  0  0 0 0 0 0  00000000
   6.664  4245 3215  72 1  0  0 0 0 0 0  00000000
   6.676  4246 3215  71 1  0  0 0 0 0 0  00000000
   6.689  4247 3213  68 1  0  0 0 0 0 0  00000000
   6.702  4247 3166  60 1  0  0 0 0 0 0  00000000
    time     x    y   z f  w  l r u d m     multi  gl gm gr gdx gdy
   6.713  4247 3166   0 0  0  0 0 0 0 0  00000000
   6.788  2580 3193  70 1  0  0 0 0 0 0  00000000
   6.800  2607 3144  59 1  0  0 0 0 0 0  00000000
   6.813  2607 3145  63 1  0  0 0 0 0 0  00000000
   6.825  2606 3146  63 1  0  0 0 0 0 0  00000000
   6.838  2606 3150  63 1  0  0 0 0 0 0  00000000
   6.850  2606 3151  63 1  0  0 0 0 0 0  00000000
   6.862  2602 3151  62 1  0  0 0 0 0 0  00000000
   6.875  2597 3149  58 1  0  0 0 0 0 0  00000000
   6.887  2555 3120  47 1  0  0 0 0 0 0  00000000
   6.911  2555 3120   0 0  0  0 0 0 0 0  00000000
   6.962  4304 3049  65 1  0  0 0 0 0 0  00000000
   6.975  4275 3028  58 1  0  0 0 0 0 0  00000000
   6.986  4276 3062  59 1  0  0 0 0 0 0  00000000
   6.999  4281 3062  61 1  0  0 0 0 0 0  00000000
   7.011  4282 3060  61 1  0  0 0 0 0 0  00000000
   7.023  4283 3059  59 1  0  0 0 0 0 0  00000000
   7.036  4284 3055  58 1  0  0 0 0 0 0  00000000
   7.048  4306 3062  48 1  0  0 0 0 0 0  00000000
   7.060  4306 3062   0 0  0  0 0 0 0 0  00000000
    time     x    y   z f  w  l r u d m     multi  gl gm gr gdx gdy
   7.260  2489 3191  67 1  0  0 0 0 0 0  00000000
   7.271  2489 3144  55 1  0  0 0 0 0 0  00000000
   7.284  2506 3166  58 1  0  0 0 0 0 0  00000000
   7.296  2506 3167  59 1  0  0 0 0 0 0  00000000
   7.308  2504 3190  58 1  0  0 0 0 0 0  00000000
   7.322  2483 3220  60 1  0  0 0 0 0 0  00000000
   7.334  2466 3221  57 1  0  0 0 0 0 0  00000000
   7.347  2466 3226  54 1  0  0 0 0 0 0  00000000
   7.358  2466 3231  38 1  0  0 0 0 0 0  00000000
   7.370  2466 3231   0 0  0  0 0 0 0 0  00000000
   7.545  4430 3050  44 1  0  0 0 0 0 0  00000000
   7.557  4329 3050  65 1  0  0 0 0 0 0  00000000
   7.571  4329 3050  62 1  0  0 0 0 0 0  00000000
   7.583  4329 3073  65 1  0  0 0 0 0 0  00000000
   7.595  4330 3090  67 1  0  0 0 0 0 0  00000000
   7.608  4331 3090  67 1  0  0 0 0 0 0  00000000
   7.620  4332 3090  67 1  0  0 0 0 0 0  00000000
   7.633  4333 3090  67 1  0  0 0 0 0 0  00000000
   7.645  4334 3090  65 1  0  0 0 0 0 0  00000000
   7.657  4335 3089  61 1  0  0 0 0 0 0  00000000
    time     x    y   z f  w  l r u d m     multi  gl gm gr gdx gdy
   7.670  4377 3089  42 1  0  0 0 0 0 0  00000000
   7.682  4377 3089   0 0  0  0 0 0 0 0  00000000
   7.880  2568 3293  67 1  0  0 0 0 0 0  00000000
   7.892  2607 3293  58 1  0  0 0 0 0 0  00000000
   7.905  2606 3293  62 1  0  0 0 0 0 0  00000000
   7.918  2604 3293  62 1  0  0 0 0 0 0  00000000
   7.930  2602 3293  63 1  0  0 0 0 0 0  00000000
   7.944  2600 3293  63 1  0  0 0 0 0 0  00000000
   7.955  2598 3293  63 1  0  0 0 0 0 0  00000000
   7.967  2596 3293  61 1  0  0 0 0 0 0  00000000
   7.980  2569 3267  58 1  0  0 0 0 0 0  00000000
   7.991  2527 3244  46 1  0  0 0 0 0 0  00000000
   8.003  2527 3244   0 0  0  0 0 0 0 0  00000000
   8.154  4474 3046  70 1  0  0 0 0 0 0  00000000
   8.166  4474 3046  65 1  0  0 0 0 0 0  00000000
   8.178  4474 3076  66 1  0  0 0 0 0 0  00000000
   8.191  4474 3076  67 1  0  0 0 0 0 0  00000000
   8.204  4474 3076  66 1  0  0 0 0 0 0  00000000
   8.216  4474 3076  65 1  0  0 0 0 0 0  00000000
   8.229  4475 3072  63 1  0  0 0 0 0 0  00000000
    time     x    y   z f  w  l r u d m     multi  gl gm gr gdx gdy
   8.241  4502 3046  59 1  0  0 0 0 0 0  00000000
   8.253  4502 2994  43 1  0  0 0 0 0 0  00000000
   8.265  4502 2994   0 0  0  0 0 0 0 0  00000000
   8.824  2617 3211  44 1  0  0 0 0 0 0  00000000
   8.837  2558 3170  60 1  0  0 0 0 0 0  00000000
   8.848  2558 3170  59 1  0  0 0 0 0 0  00000000
   8.861  2558 3170  61 1  0  0 0 0 0 0  00000000
   8.875  2558 3170  60 1  0  0 0 0 0 0  00000000
   8.885  2558 3170  55 1  0  0 0 0 0 0  00000000
   8.899  2523 3168  49 1  0  0 0 0 0 0  00000000
   8.910  2523 3168   0 0  0  0 0 0 0 0  00000000
   9.098  4385 3131  57 1  0  0 0 0 0 0  00000000
   9.110  4329 3099  64 1  0  0 0 0 0 0  00000000
   9.122  4330 3136  64 1  0  0 0 0 0 0  00000000
   9.136  4331 3156  67 1  0  0 0 0 0 0  00000000
   9.172  4331 3154  65 1  0  0 0 0 0 0  00000000
   9.185  4365 3123  56 1  0  0 0 0 0 0  00000000
   9.197  4365 3123   0 0  0  0 0 0 0 0  00000000
   9.283  2586 3074  67 1  0  0 0 0 0 0  00000000
   9.297  2603 3044  55 1  0  0 0 0 0 0  00000000
    time     x    y   z f  w  l r u d m     multi  gl gm gr gdx gdy
   9.308  2603 3063  59 1  0  0 0 0 0 0  00000000
   9.321  2603 3063  58 1  0  0 0 0 0 0  00000000
   9.333  2602 3063  58 1  0  0 0 0 0 0  00000000
   9.346  2565 3064  52 1  0  0 0 0 0 0  00000000
   9.358  2565 3064   0 0  0  0 0 0 0 0  00000000
   9.483  4388 3065  58 1  0  0 0 0 0 0  00000000
   9.494  4316 3033  65 1  0  0 0 0 0 0  00000000
   9.507  4316 3062  64 1  0  0 0 0 0 0  00000000
   9.520  4316 3062  66 1  0  0 0 0 0 0  00000000
   9.532  4316 3062  65 1  0  0 0 0 0 0  00000000
   9.544  4316 3062  64 1  0  0 0 0 0 0  00000000
   9.558  4316 3043  63 1  0  0 0 0 0 0  00000000
   9.569  4315 3043  58 1  0  0 0 0 0 0  00000000
   9.581  4322 3044  48 1  0  0 0 0 0 0  00000000
   9.593  4322 3044   0 0  0  0 0 0 0 0  00000000
