    time     x    y   z f  w  l r u d m     multi  gl gm gr gdx gdy
   0.000  4279 1511   0 0  0  0 0 0 0 0  00000000
   0.298  3032 2829  35 1  0  0 0 0 0 0  00000000
   0.310  3058 2846  52 1  0  0 0 0 0 0  00000000
   0.322  3058 2846  57 1  0  0 0 0 0 0  00000000
   0.334  3058 2846  58 1  0  0 0 0 0 0  00000000
   0.346  3058 2846  57 1  0  0 0 0 0 0  00000000
   0.358  3059 2842  52 1  0  0 0 0 0 0  00000000
   0.370  3060 2792  40 1  0  0 0 0 0 0  00000000
   0.382  3060 2792   0 0  0  0 0 0 0 0  00000000
   0.570  2703 3356  69 1  0  0 0 0 0 0  00000000
   0.581  2654 3378  88 1  0  0 0 0 0 0  00000000
   0.594  2636 3376  94 1  0  0 0 0 0 0  00000000
   0.607  2636 3374  95 1  0  0 0 0 0 0  00000000
   0.619  2636 3355  94 1  0  0 0 0 0 0  00000000
   0.631  2636 3333  90 1  0  0 0 0 0 0  00000000
   0.643  2636 3331  87 1  0  0 0 0 0 0  00000000
   0.656  2666 3331  80 1  0  0 0 0 0 0  00000000
   0.669  2688 3331  74 1  0  0 0 0 0 0  00000000
   0.681  2750 3331  57 1  0  0 0 0 0 0  00000000
   0.693  2750 3331   0 0  0  0 0 0 0 0  00000000
    time     x    y   z f  w  l r u d m     multi  gl gm gr gdx gdy
   0.905  4132 2333  92 1  0  0 0 0 0 0  00000000
   0.917  4150 2331  93 1  0  0 0 0 0 0  00000000
   0.929  4150 2338  95 1  0  0 0 0 0 0  00000000
   0.941  4151 2361  96 1  0  0 0 0 0 0  00000000
   0.954  4178 2390  95 1  0  0 0 0 0 0  00000000
   0.967  4178 2391  95 1  0  0 0 0 0 0  00000000
   0.980  4178 2395  93 1  0  0 0 0 0 0  00000000
   0.992  4178 2395  89 1  0  0 0 0 0 0  00000000
   1.004  4135 2292  64 1  0  0 0 0 0 0  00000000
   1.016  4135 2292   0 0  0  0 0 0 0 0  00000000
   1.041  2570 3722  94 1  0  0 0 0 0 0  00000000
   1.053  2545 3631  88 1  0  0 0 0 0 0  00000000
   1.066  2545 3629  92 1  0  0 0 0 0 0  00000000
   1.079  2544 3607  92 1  0  0 0 0 0 0  00000000
   1.091  2539 3586  91 1  0  0 0 0 0 0  00000000
   1.103  2537 3570  88 1  0  0 0 0 0 0  00000000
   1.116  2514 3534  81 1  0  0 0 0 0 0  00000000
   1.128  2515 3532  80 1  0  0 0 0 0 0  00000000
   1.141  2558 3510  77 1  0  0 0 0 0 0  00000000
   1.152  2558 3508  73 1  0  0 0 0 0 0  00000000
    time     x    y   z f  w  l r u d m     multi  gl gm gr gdx gdy
   1.167  2558 3477  70 1  0  0 0 0 0 0  00000000
   1.177  2558 3475  68 1  0  0 0 0 0 0  00000000
   1.190  2558 3469  69 1  0  0 0 0 0 0  00000000
   1.202  2556 3463  69 1  0  0 0 0 0 0  00000000
   1.216  2531 3436  68 1  0  0 0 0 0 0  00000000
   1.228  2514 3436  68 1  0  0 0 0 0 0  00000000
   1.240  2512 3436  70 1  0  0 0 0 0 0  00000000
   1.249  2510 3436  70 1  0  0 0 0 0 0  00000000
   1.270  2510 3436  71 1  0  0 0 0 0 0  00000000
   1.289  2510 3437  71 1  0  0 0 0 0 0  00000000
   1.302  2510 3442  71 1  0  0 0 0 0 0  00000000
   1.315  2510 3464  69 1  0  0 0 0 0 0  00000000
   1.326  2511 3464  70 1  0  0 0 0 0 0  00000000
   1.340  2512 3465  71 1  0  0 0 0 0 0  00000000
   1.352  2513 3471  71 1  0  0 0 0 0 0  00000000
   1.364  2514 3496  72 1  0  0 0 0 0 0  00000000
   1.376  2538 3497  73 1  0  0 0 0 0 0  00000000
   1.389  2536 3502  73 1  0  0 0 0 0 0  00000000
   1.401  2535 3507  74 1  0  0 0 0 0 0  00000000
   1.415  2535 3532  75 1  0  0 0 0 0 0  00000000
    time     x    y   z f  w  l r u d m     multi  gl gm gr gdx gdy
   1.427  2535 3530  77 1  0  0 0 0 0 0  00000000
   1.438  2535 3530  76 1  0  0 0 0 0 0  00000000
   1.452  2535 3530  74 1  0  0 0 0 0 0  00000000
   1.463  2539 3511  61 1  0  0 0 0 0 0  00000000
   1.475  2539 3511   0 0  0  0 0 0 0 0  00000000
   1.489  4201 1987  64 1  0  0 0 0 0 0  00000000
   1.501  4199 1955  61 1  0  0 0 0 0 0  00000000
   1.513  4197 1955  62 1  0  0 0 0 0 0  00000000
   1.525  4195 1956  62 1  0  0 0 0 0 0  00000000
   1.538  4194 1960  62 1  0  0 0 0 0 0  00000000
   1.551  4194 1961  62 1  0  0 0 0 0 0  00000000
   1.562  4194 1962  61 1  0  0 0 0 0 0  00000000
   1.574  4192 1963  61 1  0  0 0 0 0 0  00000000
   1.587  4192 1964  61 1  0  0 0 0 0 0  00000000
   1.599  4192 1965  61 1  0  0 0 0 0 0  00000000
   1.612  4192 1965  60 1  0  0 0 0 0 0  00000000
   1.625  4192 1965  59 1  0  0 0 0 0 0  00000000
   1.638  4192 1964  59 1  0  0 0 0 0 0  00000000
   1.650  4217 1962  57 1  0  0 0 0 0 0  00000000
   1.662  4218 1957  57 1  0  0 0 0 0 0  00000000
    time     x    y   z f  w  l r u d m     multi  gl gm gr gdx gdy
   1.674  4250 1934  56 1  0  0 0 0 0 0  00000000
   1.687  4272 1905  53 1  0  0 0 0 0 0  00000000
   1.699  4303 1884  51 1  0  0 0 0 0 0  00000000
   1.712  4336 1884  48 1  0  0 0 0 0 0  00000000
   1.723  4336 1884  47 1  0  0 0 0 0 0  00000000
   1.749  4336 1883  44 1  0  0 0 0 0 0  00000000
   1.761  4336 1883   0 0  0  0 0 0 0 0  00000000
   1.848  2619 3512  82 1  0  0 0 0 0 0  00000000
   1.861  2618 3510  79 1  0  0 0 0 0 0  00000000
   1.873  2616 3510  82 1  0  0 0 0 0 0  00000000
   1.887  2614 3510  82 1  0  0 0 0 0 0  00000000
   1.899  2614 3511  82 1  0  0 0 0 0 0  00000000
   1.911  2614 3538  80 1  0  0 0 0 0 0  00000000
   1.923  2614 3539  78 1  0  0 0 0 0 0  00000000
   1.935  2614 3540  71 1  0  0 0 0 0 0  00000000
   1.948  2614 3540   0 0  0  0 0 0 0 0  00000000
   1.998  3995 2224  82 1  0  0 0 0 0 0  00000000
   2.009  3964 2101  73 1  0  0 0 0 0 0  00000000
   2.021  3987 2084  72 1  0  0 0 0 0 0  00000000
   2.034  3987 2063  70 1  0  0 0 0 0 0  00000000
    time     x    y   z f  w  l r u d m     multi  gl gm gr gdx gdy
   2.046  3987 2035  67 1  0  0 0 0 0 0  00000000
   2.066  4008 2017  65 1  0  0 0 0 0 0  00000000
   2.084  4074 1982  57 1  0  0 0 0 0 0  00000000
   2.096  4090 1982  54 1  0  0 0 0 0 0  00000000
   2.109  4090 1999  48 1  0  0 0 0 0 0  00000000
   2.121  4090 1999   0 0  0  0 0 0 0 0  00000000
   2.259  2452 3645  74 1  0  0 0 0 0 0  00000000
   2.271  2392 3613  79 1  0  0 0 0 0 0  00000000
   2.283  2392 3614  83 1  0  0 0 0 0 0  00000000
   2.295  2392 3639  82 1  0  0 0 0 0 0  00000000
   2.308  2392 3639  81 1  0  0 0 0 0 0  00000000
   2.320  2392 3656  71 1  0  0 0 0 0 0  00000000
   2.331  2392 3656   0 0  0  0 0 0 0 0  00000000
   2.357  4007 2344  52 1  0  0 0 0 0 0  00000000
   2.369  3893 2407  94 1  0  0 0 0 0 0  00000000
   2.407  3893 2340  91 1  0  0 0 0 0 0  00000000
   2.419  3894 2312  87 1  0  0 0 0 0 0  00000000
   2.433  3936 2257  79 1  0  0 0 0 0 0  00000000
   2.445  3964 2133  43 1  0  0 0 0 0 0  00000000
   2.456  3964 2133   0 0  0  0 0 0 0 0  00000000
    time     x    y   z f  w  l r u d m     multi  gl gm gr gdx gdy
   2.507  2378 3470  87 1  0  0 0 0 0 0  00000000
   2.519  2362 3378  75 1  0  0 0 0 0 0  00000000
   2.531  2362 3378  79 1  0  0 0 0 0 0  00000000
   2.544  2362 3377  75 1  0  0 0 0 0 0  00000000
   2.555  2391 3344  47 1  0  0 0 0 0 0  00000000
   2.567  2391 3344   0 0  0  0 0 0 0 0  00000000
   2.593  3790 2310  91 1  0  0 0 0 0 0  00000000
   2.605  3788 2199  78 1  0  0 0 0 0 0  00000000
   2.617  3786 2244  82 1  0  0 0 0 0 0  00000000
   2.630  3786 2244  80 1  0  0 0 0 0 0  00000000
   2.643  3827 2244  74 1  0  0 0 0 0 0  00000000
   2.655  3890 2186  49 1  0  0 0 0 0 0  00000000
   2.666  3890 2186   0 0  0  0 0 0 0 0  00000000
   2.705  2603 3640  90 1  0  0 0 0 0 0  00000000
   2.717  2577 3603  84 1  0  0 0 0 0 0  00000000
   2.730  2576 3631  88 1  0  0 0 0 0 0  00000000
   2.742  2576 3647  84 1  0  0 0 0 0 0  00000000
   2.755  2598 3678  69 1  0  0 0 0 0 0  00000000
   2.765  2598 3678   0 0  0  0 0 0 0 0  00000000
   2.780  4005 2483  98 1  0  0 0 0 0 0  00000000
    time     x    y   z f  w  l r u d m     multi  gl gm gr gdx gdy
   2.791  4003 2428  89 1  0  0 0 0 0 0  00000000
   2.804  3997 2491  95 1  0  0 0 0 0 0  00000000
   2.817  3995 2527  94 1  0  0 0 0 0 0  00000000
   2.829  3995 2547  91 1  0  0 0 0 0 0  00000000
   2.842  4002 2547  83 1  0  0 0 0 0 0  00000000
   2.854  4063 2512  52 1  0  0 0 0 0 0  00000000
   2.865  4063 2512   0 0  0  0 0 0 0 0  00000000
   2.880  2666 3982  75 1  0  0 0 0 0 0  00000000
   2.892  2633 3959  79 1  0  0 0 0 0 0  00000000
   2.904  2632 3958  81 1  0  0 0 0 0 0  00000000
   2.916  2627 3954  80 1  0  0 0 0 0 0  00000000
   2.929  2625 3952  80 1  0  0 0 0 0 0  00000000
   2.941  2625 3950  79 1  0  0 0 0 0 0  00000000
   2.954  2625 3949  76 1  0  0 0 0 0 0  00000000
   2.966  2625 3949  75 1  0  0 0 0 0 0  00000000
   2.979  2625 3949  74 1  0  0 0 0 0 0  00000000
   3.002  2626 3950  73 1  0  0 0 0 0 0  00000000
   3.016  2626 3950  72 1  0  0 0 0 0 0  00000000
   3.028  2626 3950  73 1  0  0 0 0 0 0  00000000
   3.040  2626 3948  72 1  0  0 0 0 0 0  00000000
    time     x    y   z f  w  l r u d m     multi  gl gm gr gdx gdy
   3.052  2626 3943  73 1  0  0 0 0 0 0  00000000
   3.065  2625 3941  71 1  0  0 0 0 0 0  00000000
   3.077  2623 3935  71 1  0  0 0 0 0 0  00000000
   3.090  2622 3905  68 1  0  0 0 0 0 0  00000000
   3.102  2638 3903  63 1  0  0 0 0 0 0  00000000
   3.114  2638 3903   0 0  0  0 0 0 0 0  00000000
   3.140  4076 2461  90 1  0  0 0 0 0 0  00000000
   3.151  4042 2342  81 1  0  0 0 0 0 0  00000000
   3.164  4064 2293  74 1  0  0 0 0 0 0  00000000
   3.177  4043 2293  79 1  0  0 0 0 0 0  00000000
   3.189  4043 2274  77 1  0  0 0 0 0 0  00000000
   3.202  4043 2256  77 1  0  0 0 0 0 0  00000000
   3.214  4043 2240  74 1  0  0 0 0 0 0  00000000
   3.227  4043 2238  73 1  0  0 0 0 0 0  00000000
   3.239  4043 2236  72 1  0  0 0 0 0 0  00000000
   3.252  4043 2234  74 1  0  0 0 0 0 0  00000000
   3.264  4043 2232  73 1  0  0 0 0 0 0  00000000
   3.276  4043 2205  71 1  0  0 0 0 0 0  00000000
   3.290  4047 2174  70 1  0  0 0 0 0 0  00000000
   3.303  4075 2124  63 1  0  0 0 0 0 0  00000000
    time     x    y   z f  w  l r u d m     multi  gl gm gr gdx gdy
   3.313  4111 2064  54 1  0  0 0 0 0 0  00000000
   3.326  4111 2064   0 0  0  0 0 0 0 0  00000000
   3.364  2729 3483  85 1  0  0 0 0 0 0  00000000
   3.375  2729 3429  83 1  0  0 0 0 0 0  00000000
   3.388  2729 3429  86 1  0  0 0 0 0 0  00000000
   3.437  2730 3456  83 1  0  0 0 0 0 0  00000000
   3.450  2735 3478  83 1  0  0 0 0 0 0  00000000
   3.462  2739 3478  81 1  0  0 0 0 0 0  00000000
   3.475  2744 3477  81 1  0  0 0 0 0 0  00000000
   3.487  2745 3475  80 1  0  0 0 0 0 0  00000000
   3.500  2746 3468  79 1  0  0 0 0 0 0  00000000
   3.512  2747 3445  80 1  0  0 0 0 0 0  00000000
   3.525  2747 3443  79 1  0  0 0 0 0 0  00000000
   3.537  2747 3441  79 1  0  0 0 0 0 0  00000000
   3.550  2747 3439  79 1  0  0 0 0 0 0  00000000
   3.561  2748 3433  78 1  0  0 0 0 0 0  00000000
   3.573  2748 3428  79 1  0  0 0 0 0 0  00000000
   3.583  2748 3426  79 1  0  0 0 0 0 0  00000000
   3.598  2748 3400  79 1  0  0 0 0 0 0  00000000
   3.611  2747 3400  79 1  0  0 0 0 0 0  00000000
    time     x    y   z f  w  l r u d m     multi  gl gm gr gdx gdy
   3.624  2747 3398  78 1  0  0 0 0 0 0  00000000
   3.637  2747 3393  78 1  0  0 0 0 0 0  00000000
   3.649  2747 3388  78 1  0  0 0 0 0 0  00000000
   3.662  2746 3386  77 1  0  0 0 0 0 0  00000000
   3.673  2746 3384  75 1  0  0 0 0 0 0  00000000
   3.685  2746 3384  74 1  0  0 0 0 0 0  00000000
   3.698  2746 3385  72 1  0  0 0 0 0 0  00000000
   3.711  2744 3390  72 1  0  0 0 0 0 0  00000000
   3.723  2742 3412  69 1  0  0 0 0 0 0  00000000
   3.735  2741 3412  62 1  0  0 0 0 0 0  00000000
   3.747  2741 3412   0 0  0  0 0 0 0 0  00000000
