    time     x    y   z f  w  l r u d m     multi  gl gm gr gdx gdy
   0.000  2830 2915   0 0  0  0 0 0 0 0  00000000
   0.253  3048 3177  80 1  0  0 0 0 0 0  00000000
   0.266  3048 3154  79 1  0  0 0 0 0 0  00000000
   0.291  3048 3154  78 1  0  0 0 0 0 0  00000000
   0.303  3048 3178  77 1  0  0 0 0 0 0  00000000
   0.316  3048 3204  75 1  0  0 0 0 0 0  00000000
   0.328  3048 3248  74 1  0  0 0 0 0 0  00000000
   0.342  3048 3282  71 1  0  0 0 0 0 0  00000000
   0.355  3048 3316  70 1  0  0 0 0 0 0  00000000
   0.365  3048 3334  67 1  0  0 0 0 0 0  00000000
   0.378  3048 3335  61 1  0  0 0 0 0 0  00000000
   0.390  3044 3336  45 1  0  0 0 0 0 0  00000000
   0.402  3044 3336   0 0  0  0 0 0 0 0  00000000
   0.453  4642 1878  56 1  0  0 0 0 0 0  00000000
   0.464  4613 1878  57 1  0  0 0 0 0 0  00000000
   0.477  4614 1879  59 1  0  0 0 0 0 0  00000000
   0.489  4615 1880  58 1  0  0 0 0 0 0  00000000
   0.515  4615 1881  57 1  0  0 0 0 0 0  00000000
   0.526  4615 1885  58 1  0  0 0 0 0 0  00000000
   0.539  4615 1890  58 1  0  0 0 0 0 0  00000000
    time     x    y   z f  w  l r u d m     multi  gl gm gr gdx gdy
   0.552  4615 1891  57 1  0  0 0 0 0 0  00000000
   0.565  4619 1891  56 1  0  0 0 0 0 0  00000000
   0.577  4623 1889  55 1  0  0 0 0 0 0  00000000
   0.589  4627 1858  53 1  0  0 0 0 0 0  00000000
   0.601  4650 1838  51 1  0  0 0 0 0 0  00000000
   0.613  4687 1796  43 1  0  0 0 0 0 0  00000000
   0.626  4687 1796   0 0  0  0 0 0 0 0  00000000
   0.689  3136 3177  92 1  0  0 0 0 0 0  00000000
   0.702  3134 3138  91 1  0  0 0 0 0 0  00000000
   0.713  3132 3138  92 1  0  0 0 0 0 0  00000000
   0.726  3130 3138  91 1  0  0 0 0 0 0  00000000
   0.738  3130 3138  90 1  0  0 0 0 0 0  00000000
   0.751  3134 3178  88 1  0  0 0 0 0 0  00000000
   0.763  3161 3211  86 1  0  0 0 0 0 0  00000000
   0.776  3162 3254  83 1  0  0 0 0 0 0  00000000
   0.788  3189 3291  80 1  0  0 0 0 0 0  00000000
   0.800  3190 3321  79 1  0  0 0 0 0 0  00000000
   0.813  3219 3356  75 1  0  0 0 0 0 0  00000000
   0.824  3219 3357  73 1  0  0 0 0 0 0  00000000
   0.838  3237 3395  66 1  0  0 0 0 0 0  00000000
    time     x    y   z f  w  l r u d m     multi  gl gm gr gdx gdy
   0.849  3237 3395  42 1  0  0 0 0 0 0  00000000
   0.861  3237 3395   0 0  0  0 0 0 0 0  00000000
   0.937  4549 2363  96 1  0  0 0 0 0 0  00000000
   0.950  4569 2363  98 1  0  0 0 0 0 0  00000000
   0.974  4570 2363  96 1  0  0 0 0 0 0  00000000
   0.986  4574 2363  95 1  0  0 0 0 0 0  00000000
   0.998  4579 2363  93 1  0  0 0 0 0 0  00000000
   1.011  4584 2342  89 1  0  0 0 0 0 0  00000000
   1.024  4584 2340  86 1  0  0 0 0 0 0  00000000
   1.036  4566 2310  81 1  0  0 0 0 0 0  00000000
   1.048  4485 2279  67 1  0  0 0 0 0 0  00000000
   1.060  4384 2280  47 1  0  0 0 0 0 0  00000000
   1.071  4384 2280   0 0  0  0 0 0 0 0  00000000
   1.322  2930 3658  65 1  0  0 0 0 0 0  00000000
   1.334  2902 3714  92 1  0  0 0 0 0 0  00000000
   1.346  2902 3714  95 1  0  0 0 0 0 0  00000000
   1.359  2902 3715  98 1  0  0 0 0 0 0  00000000
   1.371  2903 3748  97 1  0  0 0 0 0 0  00000000
   1.384  2933 3771  91 1  0  0 0 0 0 0  00000000
   1.396  3015 3752  66 1  0  0 0 0 0 0  00000000
    time     x    y   z f  w  l r u d m     multi  gl gm gr gdx gdy
   1.408  3015 3752   0 0  0  0 0 0 0 0  00000000
   1.420  4836 2413  99 1  0  0 0 0 0 0  00000000
   1.432  4852 2411 100 1  0  0 0 0 0 0  00000000
   1.445  4852 2406 100 1  0  0 0 0 0 0  00000000
   1.459  4853 2405 100 1  0  0 0 0 0 0  00000000
   1.471  4858 2405  99 1  0  0 0 0 0 0  00000000
   1.483  4859 2405  97 1  0  0 0 0 0 0  00000000
   1.496  4865 2383  93 1  0  0 0 0 0 0  00000000
   1.507  4870 2346  83 1  0  0 0 0 0 0  00000000
   1.520  4871 2279  69 1  0  0 0 0 0 0  00000000
   1.532  4871 2279   0 0  0  0 0 0 0 0  00000000
   1.780  2755 3868  87 1  0  0 0 0 0 0  00000000
   1.792  2733 3868  86 1  0  0 0 0 0 0  00000000
   1.805  2733 3868  91 1  0  0 0 0 0 0  00000000
   1.819  2733 3891  91 1  0  0 0 0 0 0  00000000
   1.831  2733 3892  88 1  0  0 0 0 0 0  00000000
   1.843  2733 3941  85 1  0  0 0 0 0 0  00000000
   1.856  2755 3992  72 1  0  0 0 0 0 0  00000000
   1.866  2755 3992   0 0  0  0 0 0 0 0  00000000
   1.893  4871 2544 106 1  0  0 0 0 0 0  00000000
    time     x    y   z f  w  l r u d m     multi  gl gm gr gdx gdy
   1.904  4872 2542 108 1  0  0 0 0 0 0  00000000
   1.918  4899 2549 111 1  0  0 0 0 0 0  00000000
   1.931  4900 2575 110 1  0  0 0 0 0 0  00000000
   1.943  4905 2599 108 1  0  0 0 0 0 0  00000000
   1.956  4910 2622 105 1  0  0 0 0 0 0  00000000
   1.967  4911 2623  99 1  0  0 0 0 0 0  00000000
   1.979  4912 2573  88 1  0  0 0 0 0 0  00000000
   1.992  4912 2481  74 1  0  0 0 0 0 0  00000000
   2.004  4859 2356  46 1  0  0 0 0 0 0  00000000
   2.016  4859 2356   0 0  0  0 0 0 0 0  00000000
   2.227  2826 3702  46 1  0  0 0 0 0 0  00000000
   2.241  2698 3738  91 1  0  0 0 0 0 0  00000000
   2.252  2666 3737  93 1  0  0 0 0 0 0  00000000
   2.266  2666 3737  94 1  0  0 0 0 0 0  00000000
   2.278  2666 3758  93 1  0  0 0 0 0 0  00000000
   2.290  2666 3781  92 1  0  0 0 0 0 0  00000000
   2.302  2666 3819  84 1  0  0 0 0 0 0  00000000
   2.314  2664 3870  44 1  0  0 0 0 0 0  00000000
   2.326  2664 3870   0 0  0  0 0 0 0 0  00000000
   2.341  4651 2476 105 1  0  0 0 0 0 0  00000000
    time     x    y   z f  w  l r u d m     multi  gl gm gr gdx gdy
   2.352  4651 2476 101 1  0  0 0 0 0 0  00000000
   2.364  4678 2518 113 1  0  0 0 0 0 0  00000000
   2.377  4697 2543 115 1  0  0 0 0 0 0  00000000
   2.389  4698 2574 115 1  0  0 0 0 0 0  00000000
   2.403  4731 2608 113 1  0  0 0 0 0 0  00000000
   2.413  4750 2654 112 1  0  0 0 0 0 0  00000000
   2.427  4771 2676 110 1  0  0 0 0 0 0  00000000
   2.439  4796 2676 104 1  0  0 0 0 0 0  00000000
   2.452  4822 2654  98 1  0  0 0 0 0 0  00000000
   2.464  4844 2621  95 1  0  0 0 0 0 0  00000000
   2.475  4861 2575  92 1  0  0 0 0 0 0  00000000
   2.488  4917 2499  85 1  0  0 0 0 0 0  00000000
   2.501  5005 2395  73 1  0  0 0 0 0 0  00000000
   2.513  5093 2295  62 1  0  0 0 0 0 0  00000000
   2.525  5174 2206  44 1  0  0 0 0 0 0  00000000
   2.538  5174 2206   0 0  0  0 0 0 0 0  00000000
   2.725  3053 3367  98 1  0  0 0 0 0 0  00000000
   2.737  3034 3282  95 1  0  0 0 0 0 0  00000000
   2.749  3034 3282  94 1  0  0 0 0 0 0  00000000
   2.762  3034 3277  91 1  0  0 0 0 0 0  00000000
    time     x    y   z f  w  l r u d m     multi  gl gm gr gdx gdy
   2.774  3038 3246  85 1  0  0 0 0 0 0  00000000
   2.787  3081 3227  71 1  0  0 0 0 0 0  00000000
   2.799  3081 3227   0 0  0  0 0 0 0 0  00000000
