    time     x    y   z f  w  l r u d m     multi  gl gm gr gdx gdy
   0.000  2741 3412   0 0  0  0 0 0 0 0  00000000
   0.837  2736 2722  75 1  0  0 0 0 0 0  00000000
   0.848  2734 2743  71 1  0  0 0 0 0 0  00000000
   0.861  2714 2778  66 1  0  0 0 0 0 0  00000000
   0.873  2734 2834  53 1  0  0 0 0 0 0  00000000
   0.885  2734 2834   0 0  0  0 0 0 0 0  00000000
   1.110  4263 1668  44 1  0  0 0 0 0 0  00000000
   1.122  4217 1703  48 1  0  0 0 0 0 0  00000000
   1.135  4217 1681  47 1  0  0 0 0 0 0  00000000
   1.159  4215 1681  47 1  0  0 0 0 0 0  00000000
   1.172  4215 1681  46 1  0  0 0 0 0 0  00000000
   1.196  4215 1681  44 1  0  0 0 0 0 0  00000000
   1.208  4215 1676  43 1  0  0 0 0 0 0  00000000
   1.222  4216 1641  37 1  0  0 0 0 0 0  00000000
   1.233  4216 1641   0 0  0  0 0 0 0 0  00000000
   1.271  2810 2946  78 1  0  0 0 0 0 0  00000000
   1.283  2810 2912  74 1  0  0 0 0 0 0  00000000
   1.296  2806 2912  77 1  0  0 0 0 0 0  00000000
   1.309  2804 2910  76 1  0  0 0 0 0 0  00000000
   1.321  2802 2905  75 1  0  0 0 0 0 0  00000000
    time     x    y   z f  w  l r u d m     multi  gl gm gr gdx gdy
   1.333  2802 2911  73 1  0  0 0 0 0 0  00000000
   1.346  2797 2934  72 1  0  0 0 0 0 0  00000000
   1.358  2795 2957  70 1  0  0 0 0 0 0  00000000
   1.370  2795 2975  68 1  0  0 0 0 0 0  00000000
   1.382  2796 2976  65 1  0  0 0 0 0 0  00000000
   1.395  2801 2982  60 1  0  0 0 0 0 0  00000000
   1.408  2856 2988  44 1  0  0 0 0 0 0  00000000
   1.420  2856 2988   0 0  0  0 0 0 0 0  00000000
   1.495  4278 1642  39 1  0  0 0 0 0 0  00000000
   1.507  4175 1796  53 1  0  0 0 0 0 0  00000000
   1.520  4176 1778  51 1  0  0 0 0 0 0  00000000
   1.531  4177 1779  52 1  0  0 0 0 0 0  00000000
   1.543  4178 1780  52 1  0  0 0 0 0 0  00000000
   1.558  4179 1804  52 1  0  0 0 0 0 0  00000000
   1.568  4180 1805  53 1  0  0 0 0 0 0  00000000
   1.581  4186 1811  53 1  0  0 0 0 0 0  00000000
   1.595  4191 1812  53 1  0  0 0 0 0 0  00000000
   1.605  4196 1838  52 1  0  0 0 0 0 0  00000000
   1.619  4201 1838  51 1  0  0 0 0 0 0  00000000
   1.632  4233 1803  46 1  0  0 0 0 0 0  00000000
    time     x    y   z f  w  l r u d m     multi  gl gm gr gdx gdy
   1.642  4233 1803   0 0  0  0 0 0 0 0  00000000
   1.755  2761 3131  92 1  0  0 0 0 0 0  00000000
   1.768  2759 3056  85 1  0  0 0 0 0 0  00000000
   1.780  2736 3056  86 1  0  0 0 0 0 0  00000000
   1.793  2736 3056  81 1  0  0 0 0 0 0  00000000
   1.805  2705 3057  72 1  0  0 0 0 0 0  00000000
   1.817  2613 3087  41 1  0  0 0 0 0 0  00000000
   1.828  2613 3087   0 0  0  0 0 0 0 0  00000000
