    time     x    y   z f  w  l r u d m     multi  gl gm gr gdx gdy
   0.000     0    0   0 0  0  0 0 0 0 0  00000000
   1.177  2063 3048  88 1  0  0 0 0 0 0  00000000
   1.189  2061 3076  88 1  0  0 0 0 0 0  00000000
   1.201  2041 3131  83 1  0  0 0 0 0 0  00000000
   1.214  2041 3180  76 1  0  0 0 0 0 0  00000000
   1.227  2023 3244  58 1  0  0 0 0 0 0  00000000
   1.238  2023 3244   0 0  0  0 0 0 0 0  00000000
   1.599  4253 1887  58 1  0  0 0 0 0 0  00000000
   1.611  4253 1857  56 1  0  0 0 0 0 0  00000000
   1.624  4254 1858  57 1  0  0 0 0 0 0  00000000
   1.636  4258 1863  57 1  0  0 0 0 0 0  00000000
   1.648  4259 1864  57 1  0  0 0 0 0 0  00000000
   1.662  4259 1865  57 1  0  0 0 0 0 0  00000000
   1.674  4259 1898  57 1  0  0 0 0 0 0  00000000
   1.685  4257 1918  56 1  0  0 0 0 0 0  00000000
   1.698  4222 1916  46 1  0  0 0 0 0 0  00000000
   1.710  4222 1916   0 0  0  0 0 0 0 0  00000000
   1.946  2876 3173  87 1  0  0 0 0 0 0  00000000
   1.959  2876 3075  79 1  0  0 0 0 0 0  00000000
   1.970  2874 3097  86 1  0  0 0 0 0 0  00000000
    time     x    y   z f  w  l r u d m     multi  gl gm gr gdx gdy
   1.983  2872 3097  86 1  0  0 0 0 0 0  00000000
   1.996  2871 3097  85 1  0  0 0 0 0 0  00000000
   2.009  2871 3097  84 1  0  0 0 0 0 0  00000000
   2.022  2871 3101  78 1  0  0 0 0 0 0  00000000
   2.033  2902 3101  47 1  0  0 0 0 0 0  00000000
   2.045  2902 3101   0 0  0  0 0 0 0 0  00000000
   2.061  4563 1884  58 1  0  0 0 0 0 0  00000000
   2.070  4563 1864  57 1  0  0 0 0 0 0  00000000
   2.082  4563 1865  58 1  0  0 0 0 0 0  00000000
   2.095  4563 1866  58 1  0  0 0 0 0 0  00000000
   2.107  4563 1866  57 1  0  0 0 0 0 0  00000000
   2.120  4563 1871  58 1  0  0 0 0 0 0  00000000
   2.132  4563 1900  59 1  0  0 0 0 0 0  00000000
   2.144  4564 1901  60 1  0  0 0 0 0 0  00000000
   2.159  4568 1906  59 1  0  0 0 0 0 0  00000000
   2.169  4595 1907  58 1  0  0 0 0 0 0  00000000
   2.183  4596 1907  57 1  0  0 0 0 0 0  00000000
   2.194  4638 1878  55 1  0  0 0 0 0 0  00000000
   2.207  4664 1878  55 1  0  0 0 0 0 0  00000000
   2.219  4694 1876  54 1  0  0 0 0 0 0  00000000
    time     x    y   z f  w  l r u d m     multi  gl gm gr gdx gdy
   2.232  4695 1854  53 1  0  0 0 0 0 0  00000000
   2.246  4696 1854  53 1  0  0 0 0 0 0  00000000
   2.256  4700 1854  54 1  0  0 0 0 0 0  00000000
   2.269  4705 1854  55 1  0  0 0 0 0 0  00000000
   2.281  4706 1854  55 1  0  0 0 0 0 0  00000000
   2.296  4707 1854  56 1  0  0 0 0 0 0  00000000
   2.306  4708 1854  55 1  0  0 0 0 0 0  00000000
   2.319  4709 1854  55 1  0  0 0 0 0 0  00000000
   2.331  4713 1854  55 1  0  0 0 0 0 0  00000000
   2.340  4714 1854  55 1  0  0 0 0 0 0  00000000
   2.350  4715 1833  54 1  0  0 0 0 0 0  00000000
   2.369  4715 1831  49 1  0  0 0 0 0 0  00000000
   2.380  4692 1809  45 1  0  0 0 0 0 0  00000000
   2.393  4692 1809   0 0  0  0 0 0 0 0  00000000
   2.480  3135 3156  90 1  0  0 0 0 0 0  00000000
   2.492  3098 3034  73 1  0  0 0 0 0 0  00000000
   2.509  3098 3062  81 1  0  0 0 0 0 0  00000000
   2.518  3115 3062  83 1  0  0 0 0 0 0  00000000
   2.530  3113 3095  77 1  0  0 0 0 0 0  00000000
   2.542  3113 3132  72 1  0  0 0 0 0 0  00000000
    time     x    y   z f  w  l r u d m     multi  gl gm gr gdx gdy
   2.554  3113 3174  44 1  0  0 0 0 0 0  00000000
   2.566  3113 3174   0 0  0  0 0 0 0 0  00000000
   2.840  4469 2295  84 1  0  0 0 0 0 0  00000000
   2.852  4449 2119  71 1  0  0 0 0 0 0  00000000
   2.864  4471 2119  74 1  0  0 0 0 0 0  00000000
   2.890  4471 2119  73 1  0  0 0 0 0 0  00000000
   2.902  4471 2119  72 1  0  0 0 0 0 0  00000000
   2.915  4440 2077  48 1  0  0 0 0 0 0  00000000
   2.926  4440 2077   0 0  0  0 0 0 0 0  00000000
   2.965  2846 3490  90 1  0  0 0 0 0 0  00000000
   2.977  2818 3434  82 1  0  0 0 0 0 0  00000000
   2.991  2816 3434  81 1  0  0 0 0 0 0  00000000
   3.004  2814 3435  80 1  0  0 0 0 0 0  00000000
   3.015  2809 3465  77 1  0  0 0 0 0 0  00000000
   3.027  2782 3522  76 1  0  0 0 0 0 0  00000000
   3.038  2778 3564  71 1  0  0 0 0 0 0  00000000
   3.052  2752 3597  67 1  0  0 0 0 0 0  00000000
   3.063  2750 3614  62 1  0  0 0 0 0 0  00000000
   3.075  2750 3612  51 1  0  0 0 0 0 0  00000000
   3.088  2750 3612   0 0  0  0 0 0 0 0  00000000
    time     x    y   z f  w  l r u d m     multi  gl gm gr gdx gdy
   3.188  4558 2134  78 1  0  0 0 0 0 0  00000000
   3.200  4558 1974  64 1  0  0 0 0 0 0  00000000
   3.213  4559 2007  67 1  0  0 0 0 0 0  00000000
   3.229  4560 2005  67 1  0  0 0 0 0 0  00000000
   3.238  4561 2001  66 1  0  0 0 0 0 0  00000000
   3.250  4562 2001  67 1  0  0 0 0 0 0  00000000
   3.263  4562 2030  67 1  0  0 0 0 0 0  00000000
   3.275  4562 2030  66 1  0  0 0 0 0 0  00000000
   3.287  4562 2031  64 1  0  0 0 0 0 0  00000000
   3.300  4562 2035  62 1  0  0 0 0 0 0  00000000
   3.312  4562 2036  59 1  0  0 0 0 0 0  00000000
   3.324  4563 2037  53 1  0  0 0 0 0 0  00000000
   3.337  4563 2037   0 0  0  0 0 0 0 0  00000000
   3.412  2951 3428  94 1  0  0 0 0 0 0  00000000
   3.424  2920 3309  85 1  0  0 0 0 0 0  00000000
   3.436  2920 3309  87 1  0  0 0 0 0 0  00000000
   3.462  2920 3333  86 1  0  0 0 0 0 0  00000000
   3.473  2924 3400  83 1  0  0 0 0 0 0  00000000
   3.486  2917 3476  76 1  0  0 0 0 0 0  00000000
   3.498  2846 3570  44 1  0  0 0 0 0 0  00000000
    time     x    y   z f  w  l r u d m     multi  gl gm gr gdx gdy
   3.509  2846 3570   0 0  0  0 0 0 0 0  00000000
