    time     x    y   z f  w  l r u d m     multi  gl gm gr gdx gdy
   0.000  2505 2354   0 0  0  0 0 0 0 0  00000000
   0.238  2871 3232  83 1  0  0 0 0 0 0  00000000
   0.251  2855 3156  83 1  0  0 0 0 0 0  00000000
   0.262  2855 3135  85 1  0  0 0 0 0 0  00000000
   0.275  2855 3133  85 1  0  0 0 0 0 0  00000000
   0.290  2855 3111  83 1  0  0 0 0 0 0  00000000
   0.300  2855 3111  82 1  0  0 0 0 0 0  00000000
   0.312  2855 3112  78 1  0  0 0 0 0 0  00000000
   0.325  2855 3145  77 1  0  0 0 0 0 0  00000000
   0.337  2859 3165  73 1  0  0 0 0 0 0  00000000
   0.350  2864 3165  71 1  0  0 0 0 0 0  00000000
   0.363  2910 3165  67 1  0  0 0 0 0 0  00000000
   0.375  2910 3165  64 1  0  0 0 0 0 0  00000000
   0.387  2930 3157  56 1  0  0 0 0 0 0  00000000
   0.398  2930 3157   0 0  0  0 0 0 0 0  00000000
   0.461  4309 1795  54 1  0  0 0 0 0 0  00000000
   0.473  4309 1718  49 1  0  0 0 0 0 0  00000000
   0.486  4309 1755  52 1  0  0 0 0 0 0  00000000
   0.498  4309 1756  51 1  0  0 0 0 0 0  00000000
   0.524  4309 1755  51 1  0  0 0 0 0 0  00000000
    time     x    y   z f  w  l r u d m     multi  gl gm gr gdx gdy
   0.535  4309 1755  52 1  0  0 0 0 0 0  00000000
   0.549  4309 1760  52 1  0  0 0 0 0 0  00000000
   0.560  4309 1782  52 1  0  0 0 0 0 0  00000000
   0.573  4309 1780  51 1  0  0 0 0 0 0  00000000
   0.585  4308 1758  50 1  0  0 0 0 0 0  00000000
   0.597  4307 1735  48 1  0  0 0 0 0 0  00000000
   0.610  4329 1659  35 1  0  0 0 0 0 0  00000000
   0.622  4329 1659   0 0  0  0 0 0 0 0  00000000
   0.685  3026 3050  65 1  0  0 0 0 0 0  00000000
   0.697  2969 3050  83 1  0  0 0 0 0 0  00000000
   0.710  2969 3051  86 1  0  0 0 0 0 0  00000000
   0.722  2967 3052  87 1  0  0 0 0 0 0  00000000
   0.735  2966 3053  86 1  0  0 0 0 0 0  00000000
   0.747  2966 3057  87 1  0  0 0 0 0 0  00000000
   0.760  2985 3079  85 1  0  0 0 0 0 0  00000000
   0.772  2985 3104  85 1  0  0 0 0 0 0  00000000
   0.785  2986 3121  85 1  0  0 0 0 0 0  00000000
   0.797  2987 3137  85 1  0  0 0 0 0 0  00000000
   0.809  2993 3166  85 1  0  0 0 0 0 0  00000000
   0.822  2994 3167  85 1  0  0 0 0 0 0  00000000
    time     x    y   z f  w  l r u d m     multi  gl gm gr gdx gdy
   0.834  2995 3193  85 1  0  0 0 0 0 0  00000000
   0.846  2996 3219  83 1  0  0 0 0 0 0  00000000
   0.858  2997 3241  83 1  0  0 0 0 0 0  00000000
   0.871  2998 3260  85 1  0  0 0 0 0 0  00000000
   0.883  2999 3291  86 1  0  0 0 0 0 0  00000000
   0.896  2999 3309  83 1  0  0 0 0 0 0  00000000
   0.908  2998 3330  72 1  0  0 0 0 0 0  00000000
   0.920  2998 3330   0 0  0  0 0 0 0 0  00000000
   0.958  4568 2325  94 1  0  0 0 0 0 0  00000000
   0.971  4591 2326  94 1  0  0 0 0 0 0  00000000
   0.983  4591 2355  95 1  0  0 0 0 0 0  00000000
   0.995  4592 2355  95 1  0  0 0 0 0 0  00000000
   1.007  4593 2356  95 1  0  0 0 0 0 0  00000000
   1.020  4616 2356  93 1  0  0 0 0 0 0  00000000
   1.033  4616 2334  91 1  0  0 0 0 0 0  00000000
   1.045  4616 2309  89 1  0  0 0 0 0 0  00000000
   1.057  4616 2267  87 1  0  0 0 0 0 0  00000000
   1.070  4616 2225  85 1  0  0 0 0 0 0  00000000
   1.082  4614 2200  82 1  0  0 0 0 0 0  00000000
   1.094  4612 2159  80 1  0  0 0 0 0 0  00000000
    time     x    y   z f  w  l r u d m     multi  gl gm gr gdx gdy
   1.106  4607 2132  77 1  0  0 0 0 0 0  00000000
   1.121  4602 2099  75 1  0  0 0 0 0 0  00000000
   1.131  4601 2071  73 1  0  0 0 0 0 0  00000000
   1.144  4601 2043  71 1  0  0 0 0 0 0  00000000
   1.156  4599 2021  70 1  0  0 0 0 0 0  00000000
   1.168  4599 1999  68 1  0  0 0 0 0 0  00000000
   1.182  4594 1974  66 1  0  0 0 0 0 0  00000000
   1.194  4589 1974  65 1  0  0 0 0 0 0  00000000
   1.207  4587 1972  65 1  0  0 0 0 0 0  00000000
   1.219  4585 1948  64 1  0  0 0 0 0 0  00000000
   1.232  4585 1948  63 1  0  0 0 0 0 0  00000000
   1.243  4585 1947  64 1  0  0 0 0 0 0  00000000
   1.257  4585 1945  63 1  0  0 0 0 0 0  00000000
   1.268  4583 1943  63 1  0  0 0 0 0 0  00000000
   1.280  4583 1941  64 1  0  0 0 0 0 0  00000000
   1.294  4583 1941  63 1  0  0 0 0 0 0  00000000
   1.305  4581 1941  64 1  0  0 0 0 0 0  00000000
   1.318  4559 1941  63 1  0  0 0 0 0 0  00000000
   1.331  4560 1941  64 1  0  0 0 0 0 0  00000000
   1.343  4561 1939  63 1  0  0 0 0 0 0  00000000
    time     x    y   z f  w  l r u d m     multi  gl gm gr gdx gdy
   1.356  4565 1937  62 1  0  0 0 0 0 0  00000000
   1.368  4565 1913  61 1  0  0 0 0 0 0  00000000
   1.380  4565 1912  60 1  0  0 0 0 0 0  00000000
   1.393  4565 1908  60 1  0  0 0 0 0 0  00000000
   1.405  4565 1871  58 1  0  0 0 0 0 0  00000000
   1.417  4565 1803  53 1  0  0 0 0 0 0  00000000
   1.429  4527 1696  41 1  0  0 0 0 0 0  00000000
   1.440  4527 1696   0 0  0  0 0 0 0 0  00000000
   1.467  2792 2905  86 1  0  0 0 0 0 0  00000000
   1.480  2773 2815  82 1  0  0 0 0 0 0  00000000
   1.492  2774 2815  86 1  0  0 0 0 0 0  00000000
   1.516  2774 2811  84 1  0  0 0 0 0 0  00000000
   1.530  2774 2810  82 1  0  0 0 0 0 0  00000000
   1.541  2774 2811  82 1  0  0 0 0 0 0  00000000
   1.555  2774 2839  80 1  0  0 0 0 0 0  00000000
   1.567  2778 2868  80 1  0  0 0 0 0 0  00000000
   1.579  2779 2888  80 1  0  0 0 0 0 0  00000000
   1.592  2780 2907  79 1  0  0 0 0 0 0  00000000
   1.604  2781 2908  80 1  0  0 0 0 0 0  00000000
   1.617  2782 2913  79 1  0  0 0 0 0 0  00000000
    time     x    y   z f  w  l r u d m     multi  gl gm gr gdx gdy
   1.629  2786 2934  80 1  0  0 0 0 0 0  00000000
   1.640  2787 2932  79 1  0  0 0 0 0 0  00000000
   1.653  2787 2931  78 1  0  0 0 0 0 0  00000000
   1.666  2787 2925  77 1  0  0 0 0 0 0  00000000
   1.678  2787 2918  78 1  0  0 0 0 0 0  00000000
   1.690  2787 2916  76 1  0  0 0 0 0 0  00000000
   1.703  2787 2915  74 1  0  0 0 0 0 0  00000000
   1.729  2787 2915  72 1  0  0 0 0 0 0  00000000
   1.740  2788 2915  69 1  0  0 0 0 0 0  00000000
   1.753  2789 2915  66 1  0  0 0 0 0 0  00000000
   1.765  2794 2915  61 1  0  0 0 0 0 0  00000000
   1.777  2830 2915  44 1  0  0 0 0 0 0  00000000
   1.789  2830 2915   0 0  0  0 0 0 0 0  00000000
