    time     x    y   z f  w  l r u d m     multi  gl gm gr gdx gdy
   0.000  2613 3087   0 0  0  0 0 0 0 0  00000000
   0.293  2637 3131  78 1  0  0 0 0 0 0  00000000
   0.305  2635 3068  73 1  0  0 0 0 0 0  00000000
   0.317  2614 3068  77 1  0  0 0 0 0 0  00000000
   0.330  2614 3068  78 1  0  0 0 0 0 0  00000000
   0.343  2614 3068  77 1  0  0 0 0 0 0  00000000
   0.354  2614 3069  76 1  0  0 0 0 0 0  00000000
   0.367  2614 3111  72 1  0  0 0 0 0 0  00000000
   0.380  2615 3138  70 1  0  0 0 0 0 0  00000000
   0.393  2616 3163  67 1  0  0 0 0 0 0  00000000
   0.405  2617 3185  63 1  0  0 0 0 0 0  00000000
   0.417  2618 3185  51 1  0  0 0 0 0 0  00000000
   0.428  2618 3185   0 0  0  0 0 0 0 0  00000000
   0.503  3820 1829  52 1  0  0 0 0 0 0  00000000
   0.522  3818 1800  51 1  0  0 0 0 0 0  00000000
   0.542  3813 1829  53 1  0  0 0 0 0 0  00000000
   0.565  3813 1827  52 1  0  0 0 0 0 0  00000000
   0.578  3813 1825  52 1  0  0 0 0 0 0  00000000
   0.603  3835 1825  52 1  0  0 0 0 0 0  00000000
   0.616  3857 1820  51 1  0  0 0 0 0 0  00000000
    time     x    y   z f  w  l r u d m     multi  gl gm gr gdx gdy
   0.629  3909 1771  47 1  0  0 0 0 0 0  00000000
   0.643  3957 1731  40 1  0  0 0 0 0 0  00000000
   0.652  3957 1731   0 0  0  0 0 0 0 0  00000000
   0.741  2740 2993  80 1  0  0 0 0 0 0  00000000
   0.753  2738 2955  73 1  0  0 0 0 0 0  00000000
   0.765  2736 2955  76 1  0  0 0 0 0 0  00000000
   0.777  2734 2955  76 1  0  0 0 0 0 0  00000000
   0.790  2734 2978  76 1  0  0 0 0 0 0  00000000
   0.802  2735 2995  75 1  0  0 0 0 0 0  00000000
   0.814  2760 3021  73 1  0  0 0 0 0 0  00000000
   0.828  2760 3044  73 1  0  0 0 0 0 0  00000000
   0.838  2776 3069  72 1  0  0 0 0 0 0  00000000
   0.852  2776 3096  73 1  0  0 0 0 0 0  00000000
   0.864  2795 3112  71 1  0  0 0 0 0 0  00000000
   0.877  2795 3129  71 1  0  0 0 0 0 0  00000000
   0.889  2795 3149  70 1  0  0 0 0 0 0  00000000
   0.902  2795 3150  69 1  0  0 0 0 0 0  00000000
   0.914  2795 3169  65 1  0  0 0 0 0 0  00000000
   0.926  2796 3167  41 1  0  0 0 0 0 0  00000000
   0.937  2796 3167   0 0  0  0 0 0 0 0  00000000
    time     x    y   z f  w  l r u d m     multi  gl gm gr gdx gdy
   0.988  4271 1844  53 1  0  0 0 0 0 0  00000000
   1.000  4204 1845  56 1  0  0 0 0 0 0  00000000
   1.013  4220 1845  56 1  0  0 0 0 0 0  00000000
   1.024  4220 1849  56 1  0  0 0 0 0 0  00000000
   1.037  4220 1850  56 1  0  0 0 0 0 0  00000000
   1.050  4220 1854  56 1  0  0 0 0 0 0  00000000
   1.062  4220 1859  56 1  0  0 0 0 0 0  00000000
   1.075  4220 1865  57 1  0  0 0 0 0 0  00000000
   1.087  4220 1872  57 1  0  0 0 0 0 0  00000000
   1.100  4221 1873  57 1  0  0 0 0 0 0  00000000
   1.112  4222 1874  57 1  0  0 0 0 0 0  00000000
   1.125  4223 1868  56 1  0  0 0 0 0 0  00000000
   1.137  4227 1866  56 1  0  0 0 0 0 0  00000000
   1.149  4228 1864  55 1  0  0 0 0 0 0  00000000
   1.162  4228 1837  55 1  0  0 0 0 0 0  00000000
   1.199  4228 1836  54 1  0  0 0 0 0 0  00000000
   1.212  4228 1831  53 1  0  0 0 0 0 0  00000000
   1.224  4224 1809  53 1  0  0 0 0 0 0  00000000
   1.236  4219 1785  52 1  0  0 0 0 0 0  00000000
   1.249  4213 1783  51 1  0  0 0 0 0 0  00000000
    time     x    y   z f  w  l r u d m     multi  gl gm gr gdx gdy
   1.262  4207 1776  51 1  0  0 0 0 0 0  00000000
   1.274  4205 1750  50 1  0  0 0 0 0 0  00000000
   1.285  4204 1728  49 1  0  0 0 0 0 0  00000000
   1.298  4204 1726  48 1  0  0 0 0 0 0  00000000
   1.310  4202 1720  48 1  0  0 0 0 0 0  00000000
   1.323  4202 1714  47 1  0  0 0 0 0 0  00000000
   1.335  4202 1688  47 1  0  0 0 0 0 0  00000000
   1.349  4200 1688  46 1  0  0 0 0 0 0  00000000
   1.361  4198 1688  46 1  0  0 0 0 0 0  00000000
   1.373  4194 1684  46 1  0  0 0 0 0 0  00000000
   1.386  4192 1678  45 1  0  0 0 0 0 0  00000000
   1.397  4187 1672  45 1  0  0 0 0 0 0  00000000
   1.410  4185 1666  45 1  0  0 0 0 0 0  00000000
   1.422  4183 1642  44 1  0  0 0 0 0 0  00000000
   1.436  4181 1605  42 1  0  0 0 0 0 0  00000000
   1.447  4176 1571  41 1  0  0 0 0 0 0  00000000
   1.460  4144 1477  38 1  0  0 0 0 0 0  00000000
   1.472  4126 1477  36 1  0  0 0 0 0 0  00000000
   1.485  4126 1477   0 0  0  0 0 0 0 0  00000000
   1.510  2589 2315  47 1  0  0 0 0 0 0  00000000
    time     x    y   z f  w  l r u d m     multi  gl gm gr gdx gdy
   1.521  2479 2292  73 1  0  0 0 0 0 0  00000000
   1.535  2477 2255  77 1  0  0 0 0 0 0  00000000
   1.547  2477 2255  79 1  0  0 0 0 0 0  00000000
   1.560  2477 2255  81 1  0  0 0 0 0 0  00000000
   1.572  2477 2275  80 1  0  0 0 0 0 0  00000000
   1.584  2478 2291  81 1  0  0 0 0 0 0  00000000
   1.597  2484 2314  81 1  0  0 0 0 0 0  00000000
   1.608  2488 2315  79 1  0  0 0 0 0 0  00000000
   1.621  2492 2344  79 1  0  0 0 0 0 0  00000000
   1.633  2497 2344  80 1  0  0 0 0 0 0  00000000
   1.647  2497 2345  77 1  0  0 0 0 0 0  00000000
   1.659  2501 2351  79 1  0  0 0 0 0 0  00000000
   1.671  2501 2356  77 1  0  0 0 0 0 0  00000000
   1.683  2501 2357  78 1  0  0 0 0 0 0  00000000
   1.695  2501 2358  75 1  0  0 0 0 0 0  00000000
   1.709  2501 2358  70 1  0  0 0 0 0 0  00000000
   1.721  2505 2354  59 1  0  0 0 0 0 0  00000000
   1.733  2505 2354   0 0  0  0 0 0 0 0  00000000
